Candidate,Profile Mean,Profile STDEV,Profile Skew,Profile Kurt,DM Mean,DM STDEV,DM Skew,DM Kurt
/home/bhaswati/Machine_Learning/15dec2k15/pfd/index5057HR_0443-47_IA_search_DM1.750_ACCEL_50_ACCEL_Cand_7.pfd,99.1097433071,81.0186081914,0.769800691776,-0.886975040321,1959.6373291,1693.44580078,1.23920503131,0.353429852866
/home/bhaswati/Machine_Learning/15dec2k15/pfd/index624136HR_0611-48_IA_search_DM1.750_ACCEL_50_ACCEL_Cand_136.pfd,93.6177054454,79.0976806374,0.753643340288,-0.894221428999,23.3315410614,14.4262723923,0.843497640692,-0.718107428306
/home/bhaswati/Machine_Learning/15dec2k15/pfd/index56662HR_0815-47_IA_search_DM5.430_ACCEL_50_ACCEL_Cand_62.pfd,87.1200613687,70.5500955016,0.668063984242,-0.492956569947,0.865662336349,0.195959448814,0.32299000494,-0.533105891547
/home/bhaswati/Machine_Learning/15dec2k15/pfd/index45662HR_0443-47_IA_search_DM4.370_ACCEL_50_ACCEL_Cand_62.pfd,94.7012160544,73.1847171957,0.670158754369,-0.927494853689,16.9151802063,10.6443052292,0.700909217696,-0.527221119651
/home/bhaswati/Machine_Learning/15dec2k15/pfd/index22820HR_0611-48_IA_search_DM65.900_ACCEL_50_ACCEL_Cand_20.pfd,108.729476354,64.4589000327,0.701908977754,-0.363234883051,2.63891577721,1.05640995502,-0.0791816815988,-1.01908407449
/home/bhaswati/Machine_Learning/15dec2k15/pfd/index639144HR_0815-47_IA_search_DM1.040_ACCEL_50_ACCEL_Cand_144.pfd,88.8927381839,117.552291895,0.701876330734,-1.5,1.55418431759,0.825853228569,1.29234647926,2.22327636273
/home/bhaswati/Machine_Learning/15dec2k15/pfd/index47368HR_0815-47_IA_search_DM1.030_ACCEL_50_ACCEL_Cand_68.pfd,109.287205763,68.2052502068,0.660624493994,-0.710185081635,6.14381456375,3.32333993912,-0.0883116432458,-1.67074390516
/home/bhaswati/Machine_Learning/15dec2k15/pfd/index1098151HR_0443-47_IA_search_DM1.920_ACCEL_50_ACCEL_Cand_151.pfd,90.819877829,81.0955979287,0.959009511485,-0.166368149498,1.36509382725,0.591455698013,-0.390545574527,-0.877109294725
/home/bhaswati/Machine_Learning/15dec2k15/pfd/index111585HR_0443-47_IA_search_DM6.190_ACCEL_50_ACCEL_Cand_85.pfd,77.3361486004,71.2577010003,1.14441475325,0.844877860208,1.6564950943,0.674540817738,0.297313810552,-0.815119411462
/home/bhaswati/Machine_Learning/15dec2k15/pfd/index137328HR_0443-47_IA_search_DM41.450_ACCEL_50_ACCEL_Cand_28.pfd,93.4736572071,114.686895536,0.681140137694,-1.5,1.56226277351,2.05331659317,1.79207809665,1.875535924
/home/bhaswati/Machine_Learning/15dec2k15/pfd/index138527HR_0443-47_IA_search_DM45.925_ACCEL_50_ACCEL_Cand_27.pfd,91.0373839303,116.174630369,0.694238237812,-1.5,0.605468511581,0.652320623398,1.48768816507,1.4305930136
/home/bhaswati/Machine_Learning/15dec2k15/pfd/index18643HR_0611-48_IA_search_DM5.440_ACCEL_50_ACCEL_Cand_43.pfd,96.3329588922,83.2009616269,0.733192772562,-0.972801868844,121.591171265,104.566871643,1.01577785008,-0.336676685817
/home/bhaswati/Machine_Learning/15dec2k15/pfd/index23621HR_0823-47_IA_search_DM1.470_ACCEL_50_ACCEL_Cand_21.pfd,95.4362797222,76.1265589684,0.766186360163,-0.637155676308,270.445068359,188.33505249,1.30540521104,0.505923091644
/home/bhaswati/Machine_Learning/15dec2k15/pfd/index635HR_0831-47_IA_search_DM11.630_ACCEL_50_ACCEL_Cand_5.pfd,106.059182403,65.3401469061,0.716886250977,-0.597801031746,15.314166069,10.7369213104,1.03273243383,0.600986154082
/home/bhaswati/Machine_Learning/15dec2k15/pfd/index11813HR_0823-47_IA_search_DM1.640_ACCEL_50_ACCEL_Cand_13.pfd,107.479252444,75.3204039352,0.694659758397,-0.805328429703,105.582351685,126.930526733,1.8065018826,2.63143032955
/home/bhaswati/Machine_Learning/15dec2k15/pfd/index80556HR_0752-47_IA_search_DM6.200_ACCEL_50_ACCEL_Cand_56.pfd,109.175724658,76.1951954673,0.68288376713,-0.638626110997,2.21721363068,0.87244528532,0.00333964015732,-1.314355893
/home/bhaswati/Machine_Learning/15dec2k15/pfd/index124HR_0815-47_IA_search_DM155.60_ACCEL_50_ACCEL_Cand_4.pfd,91.2689085435,68.2958478295,0.823583048457,-0.355577853597,21.4801979065,17.1960964203,0.744728942864,-0.809652151784
/home/bhaswati/Machine_Learning/15dec2k15/pfd/index23112HR_0823-47_IA_search_DM1.470_ACCEL_50_ACCEL_Cand_12.pfd,94.4967427097,74.9621231172,0.806911635436,-0.485565274801,189.261047363,168.370132446,1.35961757072,0.645891738948
/home/bhaswati/Machine_Learning/15dec2k15/pfd/index39716HR_0807-47_IA_search_DM12.080_ACCEL_50_ACCEL_Cand_16.pfd,97.1346207096,79.9864878708,0.710091770358,-0.986620116523,29.5192089081,12.1207647324,0.495315828116,-0.288114783142
/home/bhaswati/Machine_Learning/15dec2k15/pfd/index99938HR_0451-47_IA_search_DM34.275_ACCEL_50_ACCEL_Cand_38.pfd,96.5862861344,112.910652332,0.657180505177,-1.5,0.98228430748,0.704093813896,0.476617877029,-0.730756502697
/home/bhaswati/Machine_Learning/15dec2k15/pfd/index119797HR_0443-47_IA_search_DM1.740_ACCEL_50_ACCEL_Cand_97.pfd,91.1544190781,89.8905496862,0.682276285065,-0.819947523112,4.74577951431,1.96203398705,0.437161462129,-0.737609626625
/home/bhaswati/Machine_Learning/15dec2k15/pfd/index81670HR_0752-47_IA_search_DM6.400_ACCEL_50_ACCEL_Cand_70.pfd,72.4772685849,69.437943227,1.47270188964,1.61053504663,0.481483370066,0.195183455944,1.0107878962,0.817609673085
/home/bhaswati/Machine_Learning/15dec2k15/pfd/index961HR_0815-47_IA_search_DM68.050_ACCEL_50_ACCEL_Cand_1.pfd,72.7710332899,52.5425775163,1.93686343597,3.54437313397,4.54488182068,3.34930992126,1.13380431555,0.323998131531
/home/bhaswati/Machine_Learning/15dec2k15/pfd/index13013HR_0807-47_IA_search_DM68.000_ACCEL_50_ACCEL_Cand_13.pfd,94.7365444871,56.7757525722,0.885044958667,0.728994116799,1.51134216785,0.5188601017,0.748452989601,-0.276598324781
/home/bhaswati/Machine_Learning/15dec2k15/pfd/index8453HR_0443-47_IA_search_DM446.50_ACCEL_50_ACCEL_Cand_53.pfd,99.4869100928,48.9312446962,0.671097548745,0.570206940003,1.20528101921,0.22871273756,0.735086209358,0.407862521737
/home/bhaswati/Machine_Learning/15dec2k15/pfd/index94527HR_0451-47_IA_search_DM35.150_ACCEL_50_ACCEL_Cand_27.pfd,92.9078639801,86.400483736,1.0440290739,-0.242682857182,0.736709594727,0.45546451211,1.17546865972,1.09091936348
/home/bhaswati/Machine_Learning/15dec2k15/pfd/index331HR_0831-47_IA_search_DM68.000_ACCEL_50_ACCEL_Cand_1.pfd,47.7160806826,52.4279158984,2.34613485014,5.3284694102,9.5213766098,8.8203086853,1.16058163958,0.346011221935
/home/bhaswati/Machine_Learning/15dec2k15/pfd/index81465HR_0807-47_IA_search_DM13.250_ACCEL_50_ACCEL_Cand_65.pfd,93.3111450578,114.783516258,0.682165232801,-1.5,1.74736714363,1.12423145771,0.199807510718,-0.982325992159
/home/bhaswati/Machine_Learning/15dec2k15/pfd/index588128HR_0800-47_IA_search_DM3.420_ACCEL_50_ACCEL_Cand_128.pfd,84.2972507102,66.7771978072,0.824888522625,-0.27797860329,2.00581502914,1.12538802624,0.739840999093,-0.625703729618
/home/bhaswati/Machine_Learning/15dec2k15/pfd/index629122HR_0451-47_IA_search_DM1.420_ACCEL_50_ACCEL_Cand_122.pfd,94.7748474663,72.1031549391,0.883617323441,-0.59755462289,2.96319723129,1.54627597332,0.323986824874,-1.02832834926
/home/bhaswati/Machine_Learning/15dec2k15/pfd/index1685HR_0831-47_IA_search_DM11.540_ACCEL_50_ACCEL_Cand_5.pfd,99.0928485402,69.7645996262,0.69119145261,-0.608237232857,14.5798244476,8.43837070465,0.615318148668,-0.539585953871
/home/bhaswati/Machine_Learning/15dec2k15/pfd/index42325HR_0752-47_IA_search_DM71.700_ACCEL_50_ACCEL_Cand_25.pfd,108.321769792,48.7566918507,0.765018267393,0.625384820622,1.34631669521,0.252052932978,0.31224518817,-0.115735192046
/home/bhaswati/Machine_Learning/15dec2k15/pfd/index10436HR_0443-47_IA_search_DM473.50_ACCEL_50_ACCEL_Cand_36.pfd,96.1481560272,50.0602563778,0.686181316397,0.241595544794,1.29314863682,0.218942210078,0.438080007078,-0.482820167641
/home/bhaswati/Machine_Learning/15dec2k15/pfd/index791150HR_0807-47_IA_search_DM1.920_ACCEL_50_ACCEL_Cand_150.pfd,86.9019735844,94.9474589559,0.752515375844,-1.00589042486,3.66339445114,1.52821290493,0.297499079546,-0.730246942391
/home/bhaswati/Machine_Learning/15dec2k15/pfd/index921HR_0823-47_IA_search_DM67.800_ACCEL_50_ACCEL_Cand_1.pfd,73.7943116395,53.3575542122,1.66390905463,2.58231696379,3.0257461071,2.14986538887,0.967794137876,-0.153193888499
/home/bhaswati/Machine_Learning/15dec2k15/pfd/index569147HR_0815-47_IA_search_DM1.710_ACCEL_50_ACCEL_Cand_147.pfd,79.9999481313,77.6284101308,1.01957416733,-0.0778888312731,2.52820682526,1.04554092884,0.23742170837,-1.00657092459
/home/bhaswati/Machine_Learning/15dec2k15/pfd/index2983HR_0815-47_IA_search_DM2.020_ACCEL_50_ACCEL_Cand_3.pfd,90.7280728733,76.5421961181,0.87131896503,-0.613602616485,516.450927734,370.982208252,1.28759980063,0.656418512441
/home/bhaswati/Machine_Learning/15dec2k15/pfd/index40415HR_0807-47_IA_search_DM148.60_ACCEL_50_ACCEL_Cand_15.pfd,93.7197199701,53.3628782946,0.765924392535,0.915588024046,2.72165894508,0.618462264538,0.381151738851,-0.682318859591
/home/bhaswati/Machine_Learning/15dec2k15/pfd/index19646HR_0443-47_IA_search_DM433.50_ACCEL_50_ACCEL_Cand_46.pfd,106.95918083,56.5174006081,0.69294672667,0.00372104473406,0.967875659466,0.178786322474,0.226317974663,-0.368867875067
/home/bhaswati/Machine_Learning/15dec2k15/pfd/index231HR_0807-47_IA_search_DM238.10_ACCEL_50_ACCEL_Cand_1.pfd,68.4299269495,74.6984585008,1.16960085316,0.0756749511592,62.4442100525,117.462097168,2.31610417814,4.30966653199
/home/bhaswati/Machine_Learning/15dec2k15/pfd/index1190112HR_0443-47_IA_search_DM1.780_ACCEL_50_ACCEL_Cand_112.pfd,78.7600365958,101.916865619,0.822463474546,-1.15546396943,3.18384552002,1.28425264359,0.0286487883927,-0.915535395955
/home/bhaswati/Machine_Learning/15dec2k15/pfd/index99553HR_0451-47_IA_search_DM13.250_ACCEL_50_ACCEL_Cand_53.pfd,89.1956832598,117.353914983,0.701010685856,-1.5,0.455695658922,0.441134154797,1.01202147525,-0.174934942135
/home/bhaswati/Machine_Learning/15dec2k15/pfd/index133718HR_0443-47_IA_search_DM48.925_ACCEL_50_ACCEL_Cand_18.pfd,96.9755174564,112.698660458,0.653594707087,-1.5,2.84530210495,2.74554657936,0.804438797182,-0.666554203561
/home/bhaswati/Machine_Learning/15dec2k15/pfd/index1145113HR_0443-47_IA_search_DM5.390_ACCEL_50_ACCEL_Cand_113.pfd,100.652820115,79.1844779206,0.705441534636,-0.797044784474,1.82853937149,0.5081807971,0.053099754589,-0.891585044931
/home/bhaswati/Machine_Learning/15dec2k15/pfd/index748128HR_0451-47_IA_search_DM3.150_ACCEL_50_ACCEL_Cand_128.pfd,85.5155601163,66.550607697,0.824735553515,-0.190217007048,0.770129024982,0.177787348628,0.305379992027,-0.133249898975
/home/bhaswati/Machine_Learning/15dec2k15/pfd/index116398HR_0443-47_IA_search_DM1.850_ACCEL_50_ACCEL_Cand_98.pfd,87.3459016098,85.4388679077,0.965489299253,-0.229675845282,0.878688216209,0.707875669003,1.13149605366,0.723276637192
/home/bhaswati/Machine_Learning/15dec2k15/pfd/index10337HR_0807-47_IA_search_DM148.90_ACCEL_50_ACCEL_Cand_37.pfd,93.9592248559,51.1043878099,0.726883438401,0.811342370902,1.73760485649,0.4617831707,1.35020989613,1.84112662797
/home/bhaswati/Machine_Learning/15dec2k15/pfd/index104352HR_0451-47_IA_search_DM13.250_ACCEL_50_ACCEL_Cand_52.pfd,90.3764979609,116.592490356,0.696970735036,-1.5,4.20938968658,3.39707279205,0.650761074645,-0.540250494272
/home/bhaswati/Machine_Learning/15dec2k15/pfd/index15222HR_0752-47_IA_search_DM423.00_ACCEL_50_ACCEL_Cand_22.pfd,90.0679216555,55.1016347311,0.705621456715,0.0568843128853,1.10670316219,0.236281991005,0.307126540403,-0.120841246557
/home/bhaswati/Machine_Learning/15dec2k15/pfd/index1268130HR_0443-47_IA_search_DM2.030_ACCEL_50_ACCEL_Cand_130.pfd,96.2212526092,79.4005876429,0.996381967449,0.0496927986456,0.708418369293,0.535834670067,2.04876877293,4.27877034831
/home/bhaswati/Machine_Learning/15dec2k15/pfd/index5399HR_0443-47_IA_search_DM2.590_ACCEL_50_ACCEL_Cand_9.pfd,83.1392705579,80.1646055765,0.719797159249,-1.01401445481,18.8052043915,25.7420139313,2.13504282869,3.7282734105
/home/bhaswati/Machine_Learning/15dec2k15/pfd/index110958HR_0443-47_IA_search_DM6.740_ACCEL_50_ACCEL_Cand_58.pfd,102.010824707,74.6129555338,0.743311265866,-0.451935212901,1.02402222157,0.423251628876,0.307863407988,-1.17994437184
/home/bhaswati/Machine_Learning/15dec2k15/pfd/index751HR_0611-48_IA_search_DM287.40_ACCEL_50_ACCEL_Cand_1.pfd,84.6114677571,73.1877278332,1.02282495796,-0.122842684019,191.217956543,87.8614273071,-0.00173334264321,-1.01413775949
/home/bhaswati/Machine_Learning/15dec2k15/pfd/index86788HR_0451-47_IA_search_DM2.060_ACCEL_50_ACCEL_Cand_88.pfd,91.5948178227,83.2889089316,0.924979319461,-0.18975896199,2.03468132019,1.07596325874,0.460884936688,-0.579095782839
/home/bhaswati/Machine_Learning/15dec2k15/pfd/index1361182HR_0443-47_IA_search_DM1.090_ACCEL_50_ACCEL_Cand_182.pfd,87.3263507041,118.597403831,0.705270731974,-1.5,2.65191411972,2.30803322792,1.60505444581,2.06279904549
/home/bhaswati/Machine_Learning/15dec2k15/pfd/index1162116HR_0443-47_IA_search_DM2.010_ACCEL_50_ACCEL_Cand_116.pfd,96.8340436535,82.3975761932,0.829389409565,-0.361348883772,0.50472420454,0.196472018957,0.457984474496,-0.547297904173
/home/bhaswati/Machine_Learning/15dec2k15/pfd/index831HR_0815-47_IA_search_DM229.10_ACCEL_50_ACCEL_Cand_1.pfd,82.0450308195,64.1526576835,1.23012930763,0.630107133202,13.9558200836,12.3602142334,0.758832825795,-0.717695121903
/home/bhaswati/Machine_Learning/15dec2k15/pfd/index514HR_0752-47_IA_search_DM155.40_ACCEL_50_ACCEL_Cand_14.pfd,99.760392043,63.4615192782,0.781898782087,-0.275907033587,15.2913808823,9.70131206512,0.32122382573,-1.57536321298
/home/bhaswati/Machine_Learning/15dec2k15/pfd/index724HR_0451-47_IA_search_DM95.000_ACCEL_50_ACCEL_Cand_24.pfd,97.5692551383,66.9638971764,0.788906051171,-0.213425449901,15.2828121185,13.7685756683,1.00490794959,-0.626093524047
/home/bhaswati/Machine_Learning/15dec2k15/pfd/index41HR_0823-47_IA_search_DM83.450_ACCEL_50_ACCEL_Cand_1.pfd,97.5366638482,53.0138961985,0.654544499057,0.473128140567,53.3302001953,40.7493553162,2.57931844961,7.467481274
/home/bhaswati/Machine_Learning/15dec2k15/pfd/index7710HR_0451-47_IA_search_DM459.50_ACCEL_50_ACCEL_Cand_10.pfd,89.2413557866,56.4269691722,1.02345878479,1.08389907723,2.99973011017,1.37796247005,1.00530044098,0.271337850408
/home/bhaswati/Machine_Learning/15dec2k15/pfd/index557103HR_0611-48_IA_search_DM9.660_ACCEL_50_ACCEL_Cand_103.pfd,95.6954828421,72.3957404302,0.657759782118,-0.765500577579,12.2722291946,10.497051239,0.944676348463,-0.518914907513
/home/bhaswati/Machine_Learning/15dec2k15/pfd/index401HR_0752-47_IA_search_DM218.20_ACCEL_50_ACCEL_Cand_1.pfd,78.3915973747,70.1897157926,1.13018079097,0.0211732697593,18.8252639771,13.752202034,0.52027135877,-1.0503427394
/home/bhaswati/Machine_Learning/15dec2k15/pfd/index05HR_0451-47_IA_search_DM351.40_ACCEL_50_ACCEL_Cand_5.pfd,92.5245780047,77.5610091081,0.689862029532,-0.793369359947,156.374526978,212.978683472,1.46296074311,0.804733516361
/home/bhaswati/Machine_Learning/15dec2k15/pfd/index28659HR_0752-47_IA_search_DM3.930_ACCEL_50_ACCEL_Cand_59.pfd,100.730196536,72.2145583346,0.665502482973,-0.815147220109,7.79544353485,4.2923951149,-0.257246897456,-1.50694211445
/home/bhaswati/Machine_Learning/15dec2k15/pfd/index595121HR_0815-47_IA_search_DM2.020_ACCEL_50_ACCEL_Cand_121.pfd,97.0972021675,84.0046377172,0.712586364129,-0.487650985456,2.18772745132,0.857853472233,0.760545819878,0.414746961899
/home/bhaswati/Machine_Learning/15dec2k15/pfd/index47181HR_0815-47_IA_search_DM1.110_ACCEL_50_ACCEL_Cand_81.pfd,96.3447134391,66.2739986234,0.706410628506,-0.806778424722,4.75551557541,2.1800301075,-0.185312453601,-1.06201929851
/home/bhaswati/Machine_Learning/15dec2k15/pfd/index1011HR_0807-47_IA_search_DM228.40_ACCEL_50_ACCEL_Cand_1.pfd,56.0649121194,70.9261665574,1.4558973346,0.946985277127,177.205307007,167.859603882,0.751964994054,-0.713873980577
/home/bhaswati/Machine_Learning/15dec2k15/pfd/index106297HR_0451-47_IA_search_DM2.760_ACCEL_50_ACCEL_Cand_97.pfd,90.2008553977,116.704551651,0.697639550231,-1.5,3.34499287605,2.12940430641,0.500538202242,-0.838992853911
/home/bhaswati/Machine_Learning/15dec2k15/pfd/index979122HR_0451-47_IA_search_DM2.760_ACCEL_50_ACCEL_Cand_122.pfd,85.7809111376,119.659787527,0.706903506175,-1.5,2.81192994118,1.69025027752,0.949712699296,0.660010541251
/home/bhaswati/Machine_Learning/15dec2k15/pfd/index107722HR_0443-47_IA_search_DM193.90_ACCEL_50_ACCEL_Cand_22.pfd,73.4675249998,51.5325694335,1.86864893779,4.45544837384,0.971282958984,0.343126684427,0.414539760117,-0.559542942594
/home/bhaswati/Machine_Learning/15dec2k15/pfd/index10522HR_0823-47_IA_search_DM1.710_ACCEL_50_ACCEL_Cand_22.pfd,96.7626599239,81.0002911304,0.780872677524,-0.944937534129,56.1094741821,79.7339630127,2.39887382279,5.51479561336
/home/bhaswati/Machine_Learning/15dec2k15/pfd/index124449HR_0443-47_IA_search_DM21.430_ACCEL_50_ACCEL_Cand_49.pfd,100.631285409,79.4698238889,0.837205853817,-0.162119062136,3.16753602028,2.10110116005,0.40294450167,-0.819762116604
/home/bhaswati/Machine_Learning/15dec2k15/pfd/index46133HR_0443-47_IA_search_DM1.770_ACCEL_50_ACCEL_Cand_33.pfd,91.8169959986,79.2336144522,0.850822634483,-0.753466870801,691.247558594,497.969573975,1.00602924207,0.00612649578243
/home/bhaswati/Machine_Learning/15dec2k15/pfd/index105848HR_0451-47_IA_search_DM40.725_ACCEL_50_ACCEL_Cand_48.pfd,89.1961862944,117.353586604,0.701009191078,-1.5,6.73026990891,7.51625967026,1.25054210977,0.425489807517
/home/bhaswati/Machine_Learning/15dec2k15/pfd/index785171HR_0807-47_IA_search_DM1.840_ACCEL_50_ACCEL_Cand_171.pfd,95.2468083694,84.1065705742,0.721787463746,-0.371446978681,0.735394895077,0.631502211094,0.854060138045,-0.676144182022
/home/bhaswati/Machine_Learning/15dec2k15/pfd/index1226142HR_0443-47_IA_search_DM1.840_ACCEL_50_ACCEL_Cand_142.pfd,95.122233542,87.2653215539,0.692268607541,-0.715731188363,1.85276269913,0.847541570663,0.0447814817008,-0.790262935298
/home/bhaswati/Machine_Learning/15dec2k15/pfd/index60122HR_0823-47_IA_search_DM1.100_ACCEL_50_ACCEL_Cand_122.pfd,89.9516467783,63.0094005622,0.714630827407,-0.228976247287,2.58909130096,1.56260287762,1.0477738203,-0.398647360598
/home/bhaswati/Machine_Learning/15dec2k15/pfd/index68558HR_0451-47_IA_search_DM5.490_ACCEL_50_ACCEL_Cand_58.pfd,103.268308327,61.5653393538,0.733140727204,0.0665448359599,0.992006123066,0.291520684958,0.793147943977,-0.0616350367881
/home/bhaswati/Machine_Learning/15dec2k15/pfd/index8008HR_0443-47_IA_search_DM2.650_ACCEL_50_ACCEL_Cand_8.pfd,68.1037758218,77.3463002923,0.913186464682,-0.574597940676,39.0971221924,36.7098045349,0.718985825111,-0.923268972249
/home/bhaswati/Machine_Learning/15dec2k15/pfd/index64918HR_0807-47_IA_search_DM41.550_ACCEL_50_ACCEL_Cand_18.pfd,99.9918151781,52.4886329166,0.953967160593,0.883906693877,0.875319123268,0.230881243944,0.67828686543,-0.197015182144
/home/bhaswati/Machine_Learning/15dec2k15/pfd/index20825HR_0451-47_IA_search_DM16.490_ACCEL_50_ACCEL_Cand_25.pfd,99.699487012,70.3958935424,0.658930456624,-0.746245364894,34.5908584595,15.914814949,0.613929344279,-1.0246617582
/home/bhaswati/Machine_Learning/15dec2k15/pfd/index7063HR_0831-47_IA_search_DM12.420_ACCEL_50_ACCEL_Cand_63.pfd,84.2957907036,46.5661423282,0.775379937502,1.38914546874,1.05411577225,0.236225306988,0.479283314941,-0.767229608161
/home/bhaswati/Machine_Learning/15dec2k15/pfd/index87676HR_0752-47_IA_search_DM1.860_ACCEL_50_ACCEL_Cand_76.pfd,93.3886390871,84.867187452,0.823372187989,-0.458042926924,1.96365118027,0.990309298038,0.679588702971,-0.34517228568
/home/bhaswati/Machine_Learning/15dec2k15/pfd/index85691HR_0752-47_IA_search_DM1.940_ACCEL_50_ACCEL_Cand_91.pfd,89.7433068314,96.8353509747,0.69843142249,-1.16940509282,1.72637879848,1.00548267365,0.979341496126,1.77530187858
/home/bhaswati/Machine_Learning/15dec2k15/pfd/index15561HR_0443-47_IA_search_DM3.440_ACCEL_50_ACCEL_Cand_61.pfd,89.4820308111,63.9075774813,0.916218786103,0.0294102277116,12.5709676743,7.84394025803,0.363920546989,-1.42884805861
/home/bhaswati/Machine_Learning/15dec2k15/pfd/index59775HR_0800-47_IA_search_DM5.050_ACCEL_50_ACCEL_Cand_75.pfd,87.2195372902,57.0935708357,0.681929451869,-0.251314484861,2.52827644348,0.771162509918,0.135144052439,-1.2532544877
/home/bhaswati/Machine_Learning/15dec2k15/pfd/index992121HR_0451-47_IA_search_DM2.910_ACCEL_50_ACCEL_Cand_121.pfd,88.440238252,117.85088025,0.703041704678,-1.5,0.70011228323,0.63627576828,1.03839329718,0.310205157346
/home/bhaswati/Machine_Learning/15dec2k15/pfd/index81295HR_0451-47_IA_search_DM6.310_ACCEL_50_ACCEL_Cand_95.pfd,64.9397943547,88.6091128893,1.48784874962,0.634803768056,1.03702938557,0.779832720757,0.638770854424,-0.779371866473
/home/bhaswati/Machine_Learning/15dec2k15/pfd/index2615HR_0451-47_IA_search_DM5.730_ACCEL_50_ACCEL_Cand_5.pfd,88.8148422456,85.1384253516,0.780263550231,-0.905042631358,255.524978638,173.113418579,0.731309217212,-0.661954314071
/home/bhaswati/Machine_Learning/15dec2k15/pfd/index849126HR_0451-47_IA_search_DM2.050_ACCEL_50_ACCEL_Cand_126.pfd,55.4972119007,90.0176313325,1.71841829689,1.07428638089,0.950957715511,0.6630423069,0.628708611039,-1.07273481961
/home/bhaswati/Machine_Learning/15dec2k15/pfd/index1049117HR_0451-47_IA_search_DM10.480_ACCEL_50_ACCEL_Cand_117.pfd,91.4476322074,115.918274862,0.692368597285,-1.5,0.835587084293,0.570851147175,0.558839119345,-0.126452496735
/home/bhaswati/Machine_Learning/15dec2k15/pfd/index819139HR_0451-47_IA_search_DM2.050_ACCEL_50_ACCEL_Cand_139.pfd,77.0747752789,85.544685297,1.28822894228,0.289193712811,3.45246767998,2.46321797371,0.529375731764,-1.06883657624
/home/bhaswati/Machine_Learning/15dec2k15/pfd/index102951HR_0451-47_IA_search_DM13.250_ACCEL_50_ACCEL_Cand_51.pfd,86.0517067354,119.471427668,0.706736928359,-1.5,0.906978368759,0.534048378468,0.370983746594,-0.39954766489
/home/bhaswati/Machine_Learning/15dec2k15/pfd/index1346146HR_0443-47_IA_search_DM1.040_ACCEL_50_ACCEL_Cand_146.pfd,87.8967402849,118.213097244,0.704241853601,-1.5,0.547518610954,0.559653103352,1.25092061329,0.753963318591
/home/bhaswati/Machine_Learning/15dec2k15/pfd/index21514HR_0831-47_IA_search_DM2.750_ACCEL_50_ACCEL_Cand_14.pfd,80.9095768695,78.5294079177,0.9156947756,-0.569697007288,15.1808519363,11.2552318573,2.19303138361,5.94609757835
/home/bhaswati/Machine_Learning/15dec2k15/pfd/index8311HR_0611-48_IA_search_DM22.320_ACCEL_50_ACCEL_Cand_11.pfd,95.6493014802,74.2772650575,0.850256215875,-0.446056007069,41.3941688538,22.9424629211,1.05918718093,0.920787409783
/home/bhaswati/Machine_Learning/15dec2k15/pfd/index57HR_0823-47_IA_search_DM176.30_ACCEL_50_ACCEL_Cand_7.pfd,97.0524097095,58.8366465557,0.661071286177,-0.15452724813,10.2318849564,4.27556180954,0.534590603381,-0.451656821833
/home/bhaswati/Machine_Learning/15dec2k15/pfd/index3624HR_0831-47_IA_search_DM18.380_ACCEL_50_ACCEL_Cand_24.pfd,103.497168982,57.3847331661,0.791405798852,-0.0453417782221,3.12270498276,2.27974843979,2.02842589963,4.53742608211
/home/bhaswati/Machine_Learning/15dec2k15/pfd/index8219HR_0807-47_IA_search_DM297.40_ACCEL_50_ACCEL_Cand_19.pfd,96.4330537602,59.691711836,0.661828002679,-0.255920741039,2.65385246277,0.906079947948,0.073809667748,-1.27999439108
/home/bhaswati/Machine_Learning/15dec2k15/pfd/index27332HR_0451-47_IA_search_DM5.900_ACCEL_50_ACCEL_Cand_32.pfd,98.4391261672,70.0924493656,0.802213084993,-0.529688453648,84.9148406982,69.2983474731,1.05879659916,-0.0348717712159
/home/bhaswati/Machine_Learning/15dec2k15/pfd/index1921HR_0815-47_IA_search_DM26.575_ACCEL_50_ACCEL_Cand_21.pfd,84.6633974457,63.165377083,0.812625119668,-0.370370180381,15.5706729889,15.6942911148,2.06946871604,3.27255520697
/home/bhaswati/Machine_Learning/15dec2k15/pfd/index101025HR_0451-47_IA_search_DM34.700_ACCEL_50_ACCEL_Cand_25.pfd,92.5003366039,115.271214428,0.686953018464,-1.5,2.67436361313,1.85818266869,0.912806565308,1.41373944903
/home/bhaswati/Machine_Learning/15dec2k15/pfd/index44856HR_0443-47_IA_search_DM3.780_ACCEL_50_ACCEL_Cand_56.pfd,100.213036377,70.0562006297,0.696482488384,-0.689140722087,18.1311340332,6.94147586823,-0.893808842758,-0.358209190236
/home/bhaswati/Machine_Learning/15dec2k15/pfd/index33416HR_0800-47_IA_search_DM32.175_ACCEL_50_ACCEL_Cand_16.pfd,102.420970557,62.7404494735,0.755829738347,-0.175853742668,4.28077745438,1.82257771492,0.520629746488,-0.815540057986
/home/bhaswati/Machine_Learning/15dec2k15/pfd/index21413HR_0831-47_IA_search_DM2.800_ACCEL_50_ACCEL_Cand_13.pfd,99.7737965236,68.6038064515,0.705752163867,-0.871404828556,14.9931192398,10.2681665421,1.74578570533,4.02145876912
/home/bhaswati/Machine_Learning/15dec2k15/pfd/index75HR_0815-47_IA_search_DM90.050_ACCEL_50_ACCEL_Cand_5.pfd,92.8151947829,67.064758394,0.841347384976,-0.168105271623,49.4100837708,74.241569519,1.90055900207,2.26522803671
/home/bhaswati/Machine_Learning/15dec2k15/pfd/index600173HR_0443-47_IA_search_DM3.140_ACCEL_50_ACCEL_Cand_173.pfd,89.1560463648,53.4643072424,0.886796533679,0.99601832631,1.04322361946,0.30573964119,1.06514147276,0.45935725069
/home/bhaswati/Machine_Learning/15dec2k15/pfd/index59762HR_0443-47_IA_search_DM1.550_ACCEL_50_ACCEL_Cand_62.pfd,105.872788676,72.3388816845,0.659635677764,-0.857516590974,11.5873193741,9.53352546692,0.624968433874,-0.975903742174
/home/bhaswati/Machine_Learning/15dec2k15/pfd/index869125HR_0752-47_IA_search_DM1.850_ACCEL_50_ACCEL_Cand_125.pfd,82.990347992,86.3900461848,1.08558283515,-0.164901041128,0.991732001305,0.409329593182,0.377998816523,0.0970124977709
/home/bhaswati/Machine_Learning/15dec2k15/pfd/index125526HR_0443-47_IA_search_DM40.825_ACCEL_50_ACCEL_Cand_26.pfd,81.1155203842,83.7040598572,1.28782765654,0.282363977642,0.984096229076,0.47689896822,1.32474595683,1.71860398429
/home/bhaswati/Machine_Learning/15dec2k15/pfd/index876148HR_0451-47_IA_search_DM1.980_ACCEL_50_ACCEL_Cand_148.pfd,83.8931081172,81.1964802006,1.33934934819,0.493848743805,0.874044656754,0.557920277119,0.777018934635,-0.139937987607
/home/bhaswati/Machine_Learning/15dec2k15/pfd/index466100HR_0823-47_IA_search_DM2.000_ACCEL_50_ACCEL_Cand_100.pfd,94.0777909884,91.9755679848,0.718154635654,-1.05339594879,1.13679814339,0.452254474163,0.111191585225,-0.819804808544
/home/bhaswati/Machine_Learning/15dec2k15/pfd/index24245HR_0443-47_IA_search_DM448.50_ACCEL_50_ACCEL_Cand_45.pfd,89.8624799987,44.5029300659,0.659288857471,1.41933095397,1.403891325,0.293796479702,-0.219882248025,-0.865149137338
/home/bhaswati/Machine_Learning/15dec2k15/pfd/index21514HR_0823-47_IA_search_DM1.580_ACCEL_50_ACCEL_Cand_14.pfd,100.707723409,76.1089595776,0.783924966202,-0.697302481755,187.998001099,153.803863525,1.16226698212,0.284224338676
/home/bhaswati/Machine_Learning/15dec2k15/pfd/index137731HR_0443-47_IA_search_DM25.510_ACCEL_50_ACCEL_Cand_31.pfd,96.628050425,112.887796245,0.656802121877,-1.5,0.44455614686,0.349229484797,0.715537099429,0.170390439776
/home/bhaswati/Machine_Learning/15dec2k15/pfd/index275119HR_0443-47_IA_search_DM5.220_ACCEL_50_ACCEL_Cand_119.pfd,98.2934499831,51.9172437869,0.6685289678,0.474642115997,1.41133320332,0.306171029806,0.530845238396,-0.554790828279
/home/bhaswati/Machine_Learning/15dec2k15/pfd/index251HR_0815-47_IA_search_DM236.40_ACCEL_50_ACCEL_Cand_1.pfd,91.5228176359,62.9382455224,0.99441863079,0.123627157203,7.24411010742,8.54666423798,2.20958098949,4.01597276055
/home/bhaswati/Machine_Learning/15dec2k15/pfd/index1047158HR_0451-47_IA_search_DM2.760_ACCEL_50_ACCEL_Cand_158.pfd,90.0196657034,116.820592868,0.698304448456,-1.5,0.876457035542,0.748001158237,1.28240147689,0.924278783214
/home/bhaswati/Machine_Learning/15dec2k15/pfd/index853101HR_0752-47_IA_search_DM2.030_ACCEL_50_ACCEL_Cand_101.pfd,75.7856582583,87.7552780659,1.18338033038,0.089724040884,1.12187612057,0.537500202656,0.318179151083,-0.57406732004
/home/bhaswati/Machine_Learning/15dec2k15/pfd/index729111HR_0807-47_IA_search_DM5.530_ACCEL_50_ACCEL_Cand_111.pfd,85.3855744314,66.3518989436,1.24610249496,1.2566791639,0.671021103859,0.286391168833,0.715593320147,0.17455964359
/home/bhaswati/Machine_Learning/15dec2k15/pfd/index27431HR_0443-47_IA_search_DM431.00_ACCEL_50_ACCEL_Cand_31.pfd,106.123058155,50.2787834728,0.680520059615,0.563897323833,1.25618445873,0.282483756542,-0.0413606961062,-0.243024577083
/home/bhaswati/Machine_Learning/15dec2k15/pfd/index123982HR_0443-47_IA_search_DM4.030_ACCEL_50_ACCEL_Cand_82.pfd,104.288610875,78.1567347425,0.773884814262,-0.150219168266,1.4228990078,0.761815011501,0.926645117555,0.0812113220737
/home/bhaswati/Machine_Learning/15dec2k15/pfd/index4737HR_0443-47_IA_search_DM1.830_ACCEL_50_ACCEL_Cand_7.pfd,93.7407907483,83.6874895234,0.6708499013,-1.1389201301,1522.26916504,1307.73425293,1.18695304963,0.194891362676
/home/bhaswati/Machine_Learning/15dec2k15/pfd/index3731HR_0752-47_IA_search_DM428.00_ACCEL_50_ACCEL_Cand_31.pfd,96.3744876604,57.1971670496,0.707917533545,0.0195172722216,2.48788118362,0.493280559778,0.105021050567,-0.882439220284
/home/bhaswati/Machine_Learning/15dec2k15/pfd/index729117HR_0800-47_IA_search_DM5.200_ACCEL_50_ACCEL_Cand_117.pfd,99.7836445673,69.1755151454,0.743221733636,0.00411372178102,1.2144292593,0.589599788189,0.134231060245,-0.978117653606
/home/bhaswati/Machine_Learning/15dec2k15/pfd/index23413HR_0823-47_IA_search_DM1.510_ACCEL_50_ACCEL_Cand_13.pfd,103.222291542,77.9357911875,0.699539253892,-0.838015256619,241.47467041,174.320129395,1.0342342641,0.155954975546
/home/bhaswati/Machine_Learning/15dec2k15/pfd/index3597HR_0823-47_IA_search_DM1.580_ACCEL_50_ACCEL_Cand_97.pfd,87.5933007428,65.0878668697,0.890851558193,-0.0565878374899,4.98538351059,2.65360784531,1.36250633142,1.92567914162
/home/bhaswati/Machine_Learning/15dec2k15/pfd/index38228HR_0823-47_IA_search_DM2.020_ACCEL_50_ACCEL_Cand_28.pfd,96.2243257338,68.3277315086,0.996724746439,-0.027964673128,18.2081623077,11.0902967453,0.696526006728,-0.728818235833
/home/bhaswati/Machine_Learning/15dec2k15/pfd/index26476HR_0831-47_IA_search_DM1.700_ACCEL_50_ACCEL_Cand_76.pfd,97.2652298331,91.556602322,0.688592681936,-1.10718453323,1.96134960651,1.09533715248,0.844359366978,0.179995328303
