Candidate,Profile Mean,Profile STDEV,Profile Skew,Profile Kurt,DM Mean,DM STDEV,DM Skew,DM Kurt
/home/bhaswati/Machine_Learning/7june2k15/pfd/index159395HR_0207-44_IA_search_DM7.450_ACCEL_50_ACCEL_Cand_95.pfd,99.3004839398,70.4772767805,0.792540518707,0.209293960102,0.645918607712,0.251386344433,-0.132032069303,-0.924784830761
/home/bhaswati/Machine_Learning/7june2k15/pfd/index142893HR_2251-43_IA_search_DM5.470_ACCEL_50_ACCEL_Cand_93.pfd,99.3733318183,76.4485178782,0.784537440002,-0.628368034822,1.51204299927,0.516812205315,0.754848418662,0.00635433787777
/home/bhaswati/Machine_Learning/7june2k15/pfd/index2244107HR_0222-44_IA_search_DM2.950_ACCEL_50_ACCEL_Cand_107.pfd,107.613247056,82.412143987,0.694188143759,-0.371403517237,2.17793822289,1.19044876099,0.373083218194,-0.258461214902
/home/bhaswati/Machine_Learning/7june2k15/pfd/index223665HR_0214-44_IA_search_DM20.640_ACCEL_50_ACCEL_Cand_65.pfd,88.0938915818,118.081254911,0.703831484778,-1.5,1.24242162704,0.872753620148,0.873295750748,0.59233218105
/home/bhaswati/Machine_Learning/7june2k15/pfd/index240629HR_0222-44_IA_search_DM31.200_ACCEL_50_ACCEL_Cand_29.pfd,92.9479137522,115.000840554,0.684377147941,-1.5,0.983662426472,0.703820109367,0.342517362037,-0.791997895167
/home/bhaswati/Machine_Learning/7june2k15/pfd/index205449HR_2258-43_IA_search_DM20.740_ACCEL_50_ACCEL_Cand_49.pfd,91.1405266344,116.10995912,0.69378076018,-1.5,0.627604901791,0.48019644618,1.17289226025,1.2907437035
/home/bhaswati/Machine_Learning/7june2k15/pfd/index54716HR_0211-43_IA_search_DM212.70_ACCEL_50_ACCEL_Cand_16.pfd,92.1494803698,68.7729260838,0.732631584052,-0.597934454188,71.9738845825,28.2305736542,1.12807208109,0.52890821107
/home/bhaswati/Machine_Learning/7june2k15/pfd/index157730HR_0226-43_IA_search_DM47.575_ACCEL_50_ACCEL_Cand_30.pfd,103.181182432,80.9111744862,0.656089132289,-0.404469818929,1.03339803219,0.507334411144,1.2043298102,2.66282782827
/home/bhaswati/Machine_Learning/7june2k15/pfd/index2019HR_0222-44_IA_search_DM20.100_ACCEL_50_ACCEL_Cand_9.pfd,95.4796587919,67.6244503103,0.791212829738,-0.461895726827,20.2959957123,12.8874044418,0.833853398961,-0.0615390658925
/home/bhaswati/Machine_Learning/7june2k15/pfd/index5982HR_0207-44_IA_search_DM27.150_ACCEL_50_ACCEL_Cand_2.pfd,96.8085391871,77.935943256,0.719432632014,-0.970214623424,15.4648742676,8.29911613464,0.270057700502,-1.02427642568
/home/bhaswati/Machine_Learning/7june2k15/pfd/index158183HR_0226-43_IA_search_DM1.800_ACCEL_50_ACCEL_Cand_83.pfd,93.1382691339,79.89893851,1.06112264585,0.157507439295,1.18747699261,0.4655623734,0.20425737533,-0.467568825522
/home/bhaswati/Machine_Learning/7june2k15/pfd/index166617HR_0222-44_IA_search_DM42.950_ACCEL_50_ACCEL_Cand_17.pfd,88.3524398662,69.3518665952,0.98036720808,0.515466487866,1.10005521774,0.434074521065,0.0309842840362,-0.514313200859
/home/bhaswati/Machine_Learning/7june2k15/pfd/index234750HR_0222-44_IA_search_DM18.330_ACCEL_50_ACCEL_Cand_50.pfd,94.7618690333,113.93450065,0.672229560633,-1.5,1.08530282974,0.999551951885,0.857690309442,-0.411585685363
/home/bhaswati/Machine_Learning/7june2k15/pfd/index202417HR_0207-44_IA_search_DM48.800_ACCEL_50_ACCEL_Cand_17.pfd,91.5799341358,115.836100864,0.691737049011,-1.5,1.28079807758,0.877295732498,0.925424074789,0.339345173754
/home/bhaswati/Machine_Learning/7june2k15/pfd/index150412HR_2258-43_IA_search_DM479.50_ACCEL_50_ACCEL_Cand_12.pfd,104.532458285,60.8843068598,0.791443469062,-0.205139202828,0.697192788124,0.144728735089,0.772277772639,0.249001717353
/home/bhaswati/Machine_Learning/7june2k15/pfd/index231454HR_0214-44_IA_search_DM23.060_ACCEL_50_ACCEL_Cand_54.pfd,89.1212398622,117.402548777,0.701229793803,-1.5,1.70301818848,1.56055080891,1.22285253922,0.998412661896
/home/bhaswati/Machine_Learning/7june2k15/pfd/index1438106HR_0226-43_IA_search_DM5.220_ACCEL_50_ACCEL_Cand_106.pfd,100.027186893,82.1139027507,0.691363184115,-0.750208306674,4.17810583115,1.0082962513,0.529953720895,0.0799507146209
/home/bhaswati/Machine_Learning/7june2k15/pfd/index4092HR_0219-43_IA_search_DM386.40_ACCEL_50_ACCEL_Cand_2.pfd,102.036588284,75.9759492439,0.660539324806,-1.00173455087,31.9592437744,18.8492164612,0.303056794698,-1.10491726578
/home/bhaswati/Machine_Learning/7june2k15/pfd/index1500156HR_0222-44_IA_search_DM2.020_ACCEL_50_ACCEL_Cand_156.pfd,96.1829285091,67.837248017,0.666582376166,0.216647934108,0.639981925488,0.267956167459,1.41486230444,2.64105268204
/home/bhaswati/Machine_Learning/7june2k15/pfd/index31929HR_2243-43_IA_search_DM489.50_ACCEL_50_ACCEL_Cand_29.pfd,89.5015198059,53.6942999143,0.807487649077,0.355428929293,1.16343593597,0.214365243912,-0.064492364424,-0.767008391001
/home/bhaswati/Machine_Learning/7june2k15/pfd/index145HR_0226-43_IA_search_DM317.60_ACCEL_50_ACCEL_Cand_5.pfd,100.541781929,75.5678799213,0.66687486587,-0.939282597445,40.2806358337,44.6171264648,1.91792951946,2.81827845316
/home/bhaswati/Machine_Learning/7june2k15/pfd/index130632HR_0219-43_IA_search_DM42.925_ACCEL_50_ACCEL_Cand_32.pfd,82.1657936174,63.6862426351,1.1657152605,1.20058052082,1.08748412132,0.387634575367,0.697071814449,-0.0473272525926
/home/bhaswati/Machine_Learning/7june2k15/pfd/index169227HR_0211-43_IA_search_DM42.425_ACCEL_50_ACCEL_Cand_27.pfd,99.6005753541,78.7253569122,0.744630969479,-0.444506005016,0.59825783968,0.13453233242,0.309579704179,-0.0390381088491
/home/bhaswati/Machine_Learning/7june2k15/pfd/index206115HR_0207-44_IA_search_DM46.800_ACCEL_50_ACCEL_Cand_15.pfd,90.0744811224,116.785439703,0.698105972251,-1.5,3.40119099617,3.24550533295,1.253589334,0.575131581083
/home/bhaswati/Machine_Learning/7june2k15/pfd/index161163HR_0211-43_IA_search_DM1.190_ACCEL_50_ACCEL_Cand_163.pfd,104.034452509,77.2750590207,0.65756496968,-1.06000110582,42.383769989,55.1808280945,1.46699785889,0.546644796669
/home/bhaswati/Machine_Learning/7june2k15/pfd/index150870HR_2251-43_IA_search_DM1.040_ACCEL_50_ACCEL_Cand_70.pfd,92.2647003999,115.414698699,0.688243219519,-1.5,3.17279410362,1.95527613163,0.427529369525,-1.09748049947
/home/bhaswati/Machine_Learning/7june2k15/pfd/index140421HR_2251-43_IA_search_DM359.20_ACCEL_50_ACCEL_Cand_21.pfd,80.4683696245,66.8986678507,1.11863255643,0.57059940583,0.546786129475,0.16656960547,-0.16088506314,-0.862380511084
/home/bhaswati/Machine_Learning/7june2k15/pfd/index107974HR_0214-44_IA_search_DM5.740_ACCEL_50_ACCEL_Cand_74.pfd,105.874735209,67.2101039261,0.709715409867,-0.603664120412,1.95268070698,0.703279733658,0.615648346863,-0.954581939986
/home/bhaswati/Machine_Learning/7june2k15/pfd/index163130HR_2258-43_IA_search_DM216.10_ACCEL_50_ACCEL_Cand_30.pfd,86.3800152441,64.6425192621,0.800819077904,0.0868932590941,0.942943513393,0.269906818867,0.191668404365,-0.74467657631
/home/bhaswati/Machine_Learning/7june2k15/pfd/index180223HR_0226-43_IA_search_DM48.575_ACCEL_50_ACCEL_Cand_23.pfd,90.7762961931,116.338991067,0.695358701887,-1.5,0.631014168262,0.418187916279,0.947156498448,0.113656110969
/home/bhaswati/Machine_Learning/7june2k15/pfd/index4202HR_2251-43_IA_search_DM400.00_ACCEL_50_ACCEL_Cand_2.pfd,96.8757063474,54.0172394126,0.69542892372,0.312141774249,6.63771343231,4.3807592392,0.976218730745,-0.628144216782
/home/bhaswati/Machine_Learning/7june2k15/pfd/index149896HR_0219-43_IA_search_DM4.360_ACCEL_50_ACCEL_Cand_96.pfd,84.9655787831,89.7633090745,1.13012131343,-0.228206344994,0.532230138779,0.242836818099,0.284025220755,-0.500465624995
/home/bhaswati/Machine_Learning/7june2k15/pfd/index141261HR_0219-43_IA_search_DM25.290_ACCEL_50_ACCEL_Cand_61.pfd,93.6957992325,71.8083502293,0.7268196815,-0.145818853472,1.76453781128,0.487891435623,-0.166477828453,-1.06686534648
/home/bhaswati/Machine_Learning/7june2k15/pfd/index2135179HR_0214-44_IA_search_DM11.060_ACCEL_50_ACCEL_Cand_179.pfd,89.075102286,93.0055794555,0.819999955026,-0.677914516861,2.3484442234,1.27975261211,0.518546443974,-0.869113099127
/home/bhaswati/Machine_Learning/7june2k15/pfd/index139546HR_0222-44_IA_search_DM15.800_ACCEL_50_ACCEL_Cand_46.pfd,79.3695941795,60.5137225921,1.03578588569,1.03638327474,0.693604052067,0.281220376492,1.15244976167,1.20246961085
/home/bhaswati/Machine_Learning/7june2k15/pfd/index1398109HR_0207-44_IA_search_DM6.560_ACCEL_50_ACCEL_Cand_109.pfd,97.9627181336,67.9384895689,0.721280537788,0.309044624078,1.52632153034,0.626803576946,0.900590304399,-0.116500693053
/home/bhaswati/Machine_Learning/7june2k15/pfd/index1481123HR_0219-43_IA_search_DM6.260_ACCEL_50_ACCEL_Cand_123.pfd,85.5875684257,67.246152672,1.21012083819,1.06164869281,0.816270768642,0.33373054862,0.115643149468,-1.12049372197
/home/bhaswati/Machine_Learning/7june2k15/pfd/index77814HR_0226-43_IA_search_DM254.60_ACCEL_50_ACCEL_Cand_14.pfd,75.2994846277,46.3497380933,0.90293671024,1.85166653067,0.947959005833,0.177382484078,0.0259362461552,-0.402168488749
/home/bhaswati/Machine_Learning/7june2k15/pfd/index132151HR_0226-43_IA_search_DM14.900_ACCEL_50_ACCEL_Cand_51.pfd,95.3388088691,65.5469372426,0.697018724061,-0.260523112275,0.947349250317,0.256428688765,0.34895939925,-0.184808324557
/home/bhaswati/Machine_Learning/7june2k15/pfd/index29635HR_2243-43_IA_search_DM418.00_ACCEL_50_ACCEL_Cand_35.pfd,88.1277689371,43.9998690549,0.735313168891,1.88938811718,1.15854799747,0.171473130584,-0.104265031855,-0.419851128074
/home/bhaswati/Machine_Learning/7june2k15/pfd/index155243HR_0222-44_IA_search_DM37.575_ACCEL_50_ACCEL_Cand_43.pfd,68.6939712895,73.9108073208,1.27731429551,0.758073320049,0.707309424877,0.312932550907,0.289348033913,-0.474228569145
/home/bhaswati/Machine_Learning/7june2k15/pfd/index6469HR_0222-44_IA_search_DM3.530_ACCEL_50_ACCEL_Cand_9.pfd,87.8937455425,73.7797764479,0.961861691198,-0.21584661927,347.426025391,241.39805603,1.11737466218,0.54040652209
/home/bhaswati/Machine_Learning/7june2k15/pfd/index106152HR_0214-44_IA_search_DM14.910_ACCEL_50_ACCEL_Cand_52.pfd,87.7646233341,56.8690107878,0.692982098957,-0.0987038928104,1.51819753647,0.709778368473,0.468628002658,-1.1282642277
/home/bhaswati/Machine_Learning/7june2k15/pfd/index238628HR_0222-44_IA_search_DM48.850_ACCEL_50_ACCEL_Cand_28.pfd,85.0540752933,120.169934045,0.707105814702,-1.5,5.80703306198,3.44267177582,0.473495343834,-0.701771630262
/home/bhaswati/Machine_Learning/7june2k15/pfd/index134394HR_0207-44_IA_search_DM2.150_ACCEL_50_ACCEL_Cand_94.pfd,93.6059473572,69.9245026082,0.793563325553,0.0171517997695,2.09918498993,1.0197378397,-0.149113615274,-1.12868071979
/home/bhaswati/Machine_Learning/7june2k15/pfd/index1614HR_0226-43_IA_search_DM288.80_ACCEL_50_ACCEL_Cand_14.pfd,100.58682842,60.2045596548,0.863331341718,0.0262152005177,12.0981502533,4.93117523193,0.475997809775,-0.737819121375
/home/bhaswati/Machine_Learning/7june2k15/pfd/index131931HR_0207-44_IA_search_DM45.475_ACCEL_50_ACCEL_Cand_31.pfd,86.4528315206,82.1746296898,0.797741714287,-0.746572203871,1.13945508003,0.421378016472,0.479912099773,0.125368874426
/home/bhaswati/Machine_Learning/7june2k15/pfd/index2615HR_0226-43_IA_search_DM400.50_ACCEL_50_ACCEL_Cand_15.pfd,109.869992126,63.9672045094,0.682802294168,-0.423328254832,11.8131885529,5.14162731171,0.455504500729,-1.02120007658
/home/bhaswati/Machine_Learning/7june2k15/pfd/index133965HR_2243-43_IA_search_DM5.680_ACCEL_50_ACCEL_Cand_65.pfd,88.401884965,74.5678114244,0.921399167008,-0.023800427716,0.69593423605,0.256231248379,-0.0722304674632,-0.873979401438
/home/bhaswati/Machine_Learning/7june2k15/pfd/index43855HR_0611-48_IA_search_DM6.900_ACCEL_50_ACCEL_Cand_55.pfd,105.491905009,64.5211586999,0.680607582632,-0.141495255923,116.316230774,150.613922119,1.60536928631,1.10036749401
/home/bhaswati/Machine_Learning/7june2k15/pfd/index1369124HR_0207-44_IA_search_DM1.650_ACCEL_50_ACCEL_Cand_124.pfd,95.8601178841,63.6036790721,0.983156059671,0.865022320628,1.63875126839,0.794254601002,0.419705752501,-0.861310166543
/home/bhaswati/Machine_Learning/7june2k15/pfd/index1247145HR_0611-48_IA_search_DM10.580_ACCEL_50_ACCEL_Cand_145.pfd,98.8754372877,63.0329938808,0.670976014188,-0.06215465813,2.39051413536,0.486008375883,-0.148427920673,-1.03843836503
/home/bhaswati/Machine_Learning/7june2k15/pfd/index919HR_0207-44_IA_search_DM378.80_ACCEL_50_ACCEL_Cand_19.pfd,103.953872166,54.2081446899,0.6886930855,0.455427436286,9.9938325882,10.8403720856,2.38503519829,4.73101471799
/home/bhaswati/Machine_Learning/7june2k15/pfd/index162031HR_0226-43_IA_search_DM39.450_ACCEL_50_ACCEL_Cand_31.pfd,90.5777044371,87.2570946878,0.888770106206,-0.600190389241,1.86786341667,1.01616132259,1.2050730578,1.47719644954
/home/bhaswati/Machine_Learning/7june2k15/pfd/index252456HR_0222-44_IA_search_DM16.400_ACCEL_50_ACCEL_Cand_56.pfd,88.2183271996,117.99830353,0.703557865982,-1.5,0.273477941751,0.265151619911,0.992513057144,-0.0679349025607
/home/bhaswati/Machine_Learning/7june2k15/pfd/index6844HR_0219-43_IA_search_DM346.60_ACCEL_50_ACCEL_Cand_44.pfd,113.022385329,55.9163091213,0.675183344473,0.160612348035,3.52706170082,1.03906846046,0.614819806405,-0.501054659575
/home/bhaswati/Machine_Learning/7june2k15/pfd/index229255HR_0214-44_IA_search_DM39.525_ACCEL_50_ACCEL_Cand_55.pfd,87.2811892319,118.628013046,0.705342220937,-1.5,0.547154784203,0.375459194183,0.667813762608,-0.0873108951617
/home/bhaswati/Machine_Learning/7june2k15/pfd/index20516HR_0214-44_IA_search_DM41.925_ACCEL_50_ACCEL_Cand_16.pfd,99.2597960537,60.9038545797,0.844226293277,-0.0386507083718,7.42123794556,2.72410941124,0.660386656902,-0.243457876957
/home/bhaswati/Machine_Learning/7june2k15/pfd/index3721HR_2258-43_IA_search_DM190.10_ACCEL_50_ACCEL_Cand_21.pfd,102.347290828,78.3779105778,0.65368988406,-0.981122580062,26.3624687195,14.7663040161,-0.287181849533,-1.50514175802
/home/bhaswati/Machine_Learning/7june2k15/pfd/index49774HR_0219-43_IA_search_DM1.210_ACCEL_50_ACCEL_Cand_74.pfd,77.4182177374,78.5846708368,1.16042693558,-0.0526113046776,53.7001228333,42.2848396301,0.690565541866,-0.901836446798
/home/bhaswati/Machine_Learning/7june2k15/pfd/index159929HR_0226-43_IA_search_DM41.125_ACCEL_50_ACCEL_Cand_29.pfd,100.987433975,78.9228217855,0.844523160199,-0.10553413285,1.40459764004,0.652185618877,0.392605080254,-0.437095597608
/home/bhaswati/Machine_Learning/7june2k15/pfd/index1879177HR_2258-43_IA_search_DM1.770_ACCEL_50_ACCEL_Cand_177.pfd,103.940745059,78.6801389685,0.76523975097,-0.207965552558,1.09478652477,0.677921414375,0.674671530146,-0.0601276513741
/home/bhaswati/Machine_Learning/7june2k15/pfd/index74228HR_0214-44_IA_search_DM243.90_ACCEL_50_ACCEL_Cand_28.pfd,92.7217279885,49.7109484002,0.849322909094,1.70068544199,0.917701125145,0.138753205538,0.297957812479,-0.0578488243506
/home/bhaswati/Machine_Learning/7june2k15/pfd/index15248HR_0207-44_IA_search_DM42.825_ACCEL_50_ACCEL_Cand_8.pfd,57.8277710539,74.1610909082,1.64664308535,1.74045632765,1.18547105789,0.487134695053,0.733933797381,0.172498080234
/home/bhaswati/Machine_Learning/7june2k15/pfd/index223249HR_0222-44_IA_search_DM21.400_ACCEL_50_ACCEL_Cand_49.pfd,95.1487212289,88.1645671182,0.872351154015,-0.519863852038,1.56786036491,0.645541489124,0.656687497418,-0.22687927521
/home/bhaswati/Machine_Learning/7june2k15/pfd/index148014HR_0207-44_IA_search_DM42.950_ACCEL_50_ACCEL_Cand_14.pfd,88.1887846458,72.5994984672,0.871939695241,0.0464688208424,1.10466790199,0.632818102837,0.822652224254,-0.43426627393
/home/bhaswati/Machine_Learning/7june2k15/pfd/index13329HR_0222-44_IA_search_DM190.80_ACCEL_50_ACCEL_Cand_9.pfd,89.2841335438,60.3628026619,0.803818667118,0.846068838764,0.972082912922,0.270580887794,0.31506089643,-0.817153911979
/home/bhaswati/Machine_Learning/7june2k15/pfd/index161343HR_2258-43_IA_search_DM42.625_ACCEL_50_ACCEL_Cand_43.pfd,76.8340010077,65.0497450462,0.984393126685,0.318751316397,1.26710319519,0.500927984715,0.367512216696,-0.58620086524
/home/bhaswati/Machine_Learning/7june2k15/pfd/index2031HR_2251-43_IA_search_DM155.90_ACCEL_50_ACCEL_Cand_1.pfd,73.5715824526,65.902521298,1.40417497257,1.0007654802,73.2458877563,30.8026294708,0.400688860863,-0.880248694971
/home/bhaswati/Machine_Learning/7june2k15/pfd/index64926HR_0222-44_IA_search_DM3.700_ACCEL_50_ACCEL_Cand_26.pfd,96.8002454198,72.7859726912,0.83148906906,-0.402006934809,248.861328125,198.007522583,1.40484905104,1.06628992996
/home/bhaswati/Machine_Learning/7june2k15/pfd/index170946HR_0207-44_IA_search_DM19.970_ACCEL_50_ACCEL_Cand_46.pfd,93.6901194827,86.0707426426,0.727092354752,-0.547270989967,0.878025114536,0.400146901608,0.783475616142,0.496163496256
/home/bhaswati/Machine_Learning/7june2k15/pfd/index7531HR_0214-44_IA_search_DM100.90_ACCEL_50_ACCEL_Cand_31.pfd,98.5604815239,72.4595246895,0.758329592868,-0.721594984464,7.9099521637,3.86582136154,0.627348509377,-0.619989313438
/home/bhaswati/Machine_Learning/7june2k15/pfd/index198755HR_0214-44_IA_search_DM49.900_ACCEL_50_ACCEL_Cand_55.pfd,91.6455910041,100.874795896,0.686252176997,-1.34034842048,3.87335944176,2.11330842972,-0.124273463213,-0.788653969307
/home/bhaswati/Machine_Learning/7june2k15/pfd/index137612HR_0222-44_IA_search_DM199.90_ACCEL_50_ACCEL_Cand_12.pfd,101.321854417,64.7649298542,0.770646570923,-0.0387158581822,0.70179349184,0.235725834966,0.303907283978,-0.290828049343
/home/bhaswati/Machine_Learning/7june2k15/pfd/index94627HR_0207-44_IA_search_DM22.370_ACCEL_50_ACCEL_Cand_27.pfd,98.0645216235,59.3171337177,0.674845141671,-0.269391128736,3.57072114944,1.41630780697,0.318645594062,-1.25663033384
/home/bhaswati/Machine_Learning/7june2k15/pfd/index189232HR_0207-44_IA_search_DM46.025_ACCEL_50_ACCEL_Cand_32.pfd,86.6635230487,85.330645999,0.994306709014,-0.217499315029,1.02812290192,0.562996447086,1.20754871586,1.06995823131
/home/bhaswati/Machine_Learning/7june2k15/pfd/index1909101HR_2258-43_IA_search_DM1.980_ACCEL_50_ACCEL_Cand_101.pfd,79.3238145296,88.1640356634,1.05974267389,-0.154628816862,1.67078828812,0.59447401762,1.04548590197,0.571598878596
/home/bhaswati/Machine_Learning/7june2k15/pfd/index141469HR_0226-43_IA_search_DM1.640_ACCEL_50_ACCEL_Cand_69.pfd,82.1367479125,69.3959278277,1.17233866416,0.874091118307,1.19601607323,0.61289536953,0.236066417979,-0.804467636917
/home/bhaswati/Machine_Learning/7june2k15/pfd/index6285HR_0222-44_IA_search_DM57.450_ACCEL_50_ACCEL_Cand_5.pfd,101.550905779,56.5686862035,0.833027853763,0.0827692043316,3.1293182373,1.29735946655,0.477336636562,-0.835492715742
/home/bhaswati/Machine_Learning/7june2k15/pfd/index139776HR_0219-43_IA_search_DM6.020_ACCEL_50_ACCEL_Cand_76.pfd,94.3658555179,79.5550790162,0.845802450027,-0.448276431051,1.99451553822,1.06938111782,0.56313414271,-0.945908390438
/home/bhaswati/Machine_Learning/7june2k15/pfd/index207534HR_2258-43_IA_search_DM28.725_ACCEL_50_ACCEL_Cand_34.pfd,85.1014028425,120.136514357,0.707103380718,-1.5,1.52613759041,1.37746655941,0.838004268326,-0.114742564621
/home/bhaswati/Machine_Learning/7june2k15/pfd/index75012HR_0222-44_IA_search_DM243.60_ACCEL_50_ACCEL_Cand_12.pfd,88.1116410904,47.4480834334,0.659215249214,1.60455395212,1.29128754139,0.269557625055,0.611475840623,-0.25840539212
/home/bhaswati/Machine_Learning/7june2k15/pfd/index179673HR_0214-44_IA_search_DM8.380_ACCEL_50_ACCEL_Cand_73.pfd,80.7264570352,70.2918224597,1.43229925607,1.46799965923,0.858016073704,0.614079892635,1.49659381342,1.28646626229
/home/bhaswati/Machine_Learning/7june2k15/pfd/index5212HR_0211-43_IA_search_DM20.560_ACCEL_50_ACCEL_Cand_2.pfd,97.5747098124,70.5033061223,0.843720333494,-0.38285643143,47.7561531067,31.271812439,0.572629952723,-0.795796771146
/home/bhaswati/Machine_Learning/7june2k15/pfd/index151876HR_0226-43_IA_search_DM9.170_ACCEL_50_ACCEL_Cand_76.pfd,103.487683375,71.9628644349,0.701868523231,-0.152759825797,0.973229587078,0.576213181019,0.723230592743,-0.365560916303
/home/bhaswati/Machine_Learning/7june2k15/pfd/index157961HR_0207-44_IA_search_DM8.560_ACCEL_50_ACCEL_Cand_61.pfd,91.5280380462,81.0389137816,0.739034993811,-0.653986954421,2.38204431534,1.31982493401,0.411994156503,-1.03353540051
/home/bhaswati/Machine_Learning/7june2k15/pfd/index182791HR_0222-44_IA_search_DM8.990_ACCEL_50_ACCEL_Cand_91.pfd,88.6000501325,73.7788329344,0.90923369621,0.309692698143,1.34391236305,0.625253081322,0.473841186769,-1.04994821115
/home/bhaswati/Machine_Learning/7june2k15/pfd/index220233HR_0222-44_IA_search_DM25.060_ACCEL_50_ACCEL_Cand_33.pfd,83.5988828864,103.955377499,0.677823972205,-1.25822801541,1.14822542667,0.544411122799,0.667487447147,0.0813994164305
/home/bhaswati/Machine_Learning/7june2k15/pfd/index1843HR_2251-43_IA_search_DM187.40_ACCEL_50_ACCEL_Cand_3.pfd,114.723482458,59.1687827626,0.674909272465,-0.190299460975,16.3988990784,8.57614898682,-0.0464277200899,-1.30763822595
/home/bhaswati/Machine_Learning/7june2k15/pfd/index206240HR_2258-43_IA_search_DM31.275_ACCEL_50_ACCEL_Cand_40.pfd,90.8291769307,116.305625527,0.695136100732,-1.5,3.57707738876,1.88133943081,0.101108276508,-0.695590595662
/home/bhaswati/Machine_Learning/7june2k15/pfd/index174882HR_0222-44_IA_search_DM9.260_ACCEL_50_ACCEL_Cand_82.pfd,93.6185791621,94.7225527717,0.668565688189,-1.04572738735,2.36188411713,0.69238203764,0.0462189827343,-0.0935334767431
/home/bhaswati/Machine_Learning/7june2k15/pfd/index172171HR_0214-44_IA_search_DM15.540_ACCEL_50_ACCEL_Cand_71.pfd,85.2859077649,76.267474436,1.20912410481,0.239543999117,2.0915555954,0.595121860504,0.378035574455,-0.0967327440806
/home/bhaswati/Machine_Learning/7june2k15/pfd/index177936HR_0207-44_IA_search_DM38.325_ACCEL_50_ACCEL_Cand_36.pfd,99.012350187,77.649216292,0.98432820111,0.164487620472,6.01909255981,3.57971692085,0.347669524517,-0.913207021665
/home/bhaswati/Machine_Learning/7june2k15/pfd/index141160HR_2251-43_IA_search_DM5.970_ACCEL_50_ACCEL_Cand_60.pfd,85.0291743654,76.4784050253,0.655588516097,-0.696049450223,8.1986322403,0.724553704262,0.629804920219,-0.035621127393
/home/bhaswati/Machine_Learning/7june2k15/pfd/index143046HR_0207-44_IA_search_DM6.260_ACCEL_50_ACCEL_Cand_46.pfd,89.340959527,87.7208036281,0.790530822342,-0.758097006832,1.2711956501,0.534793376923,0.232004619963,-0.848511310983
/home/bhaswati/Machine_Learning/7june2k15/pfd/index223852HR_0222-44_IA_search_DM23.290_ACCEL_50_ACCEL_Cand_52.pfd,93.6150479323,93.682132397,0.72912532484,-0.940938502916,0.691879749298,0.488497495651,1.19142793734,1.1179003213
/home/bhaswati/Machine_Learning/7june2k15/pfd/index4173HR_0219-43_IA_search_DM115.00_ACCEL_50_ACCEL_Cand_3.pfd,104.319004068,73.7407580355,0.683350541095,-0.934310062594,8.97712039948,5.55691385269,0.504295311031,-1.23696374937
/home/bhaswati/Machine_Learning/7june2k15/pfd/index1255113HR_0226-43_IA_search_DM3.590_ACCEL_50_ACCEL_Cand_113.pfd,111.631441637,64.9077617412,0.702357783955,-0.431136534805,1.42424654961,0.586476802826,0.0381811684505,-0.920344020342
/home/bhaswati/Machine_Learning/7june2k15/pfd/index172590HR_0222-44_IA_search_DM7.660_ACCEL_50_ACCEL_Cand_90.pfd,102.243884766,66.5546964583,0.719319105245,0.548671816974,1.13948130608,0.626821935177,1.12547340138,1.37981598907
/home/bhaswati/Machine_Learning/7june2k15/pfd/index187539HR_0214-44_IA_search_DM44.125_ACCEL_50_ACCEL_Cand_39.pfd,82.3071693269,81.239029909,0.940725455433,-0.281357773622,2.12850213051,0.851588249207,0.266384155498,-0.399311924868
/home/bhaswati/Machine_Learning/7june2k15/pfd/index7312HR_2251-43_IA_search_DM58.350_ACCEL_50_ACCEL_Cand_2.pfd,97.8978584893,70.4657881992,0.842404373958,-0.215192726876,17.1543769836,10.6350383759,0.503689568356,-1.16335787538
/home/bhaswati/Machine_Learning/7june2k15/pfd/index12953HR_2243-43_IA_search_DM79.800_ACCEL_50_ACCEL_Cand_3.pfd,97.5317854949,73.0560778411,0.883891310891,-0.21289468011,7.06085157394,1.0108743906,-0.0191783657293,-1.53026749495
/home/bhaswati/Machine_Learning/7june2k15/pfd/index128519HR_0219-43_IA_search_DM134.10_ACCEL_50_ACCEL_Cand_19.pfd,74.9676230207,63.3744308859,1.26339925307,0.977059025837,0.854958295822,0.207952290773,0.54554093809,1.06252432965
/home/bhaswati/Machine_Learning/7june2k15/pfd/index2444178HR_0222-44_IA_search_DM5.890_ACCEL_50_ACCEL_Cand_178.pfd,92.1359836108,115.493408082,0.688928902312,-1.5,5.83666133881,5.26932907104,2.881115165,10.9025257081
/home/bhaswati/Machine_Learning/7june2k15/pfd/index159781HR_0214-44_IA_search_DM8.150_ACCEL_50_ACCEL_Cand_81.pfd,94.7149110178,79.5973571668,0.769877222698,-0.450106247274,1.32476377487,0.512937247753,1.3073554185,1.83012452541
/home/bhaswati/Machine_Learning/7june2k15/pfd/index4740HR_0211-43_IA_search_DM270.20_ACCEL_50_ACCEL_Cand_40.pfd,92.3948510225,69.7444329745,0.81831224102,-0.505428696148,17.1483230591,8.40940666199,0.161586782725,-1.3681998477
/home/bhaswati/Machine_Learning/7june2k15/pfd/index193261HR_0214-44_IA_search_DM35.750_ACCEL_50_ACCEL_Cand_61.pfd,93.076205832,84.3686605541,0.856787384318,-0.382056678596,4.22191667557,1.47967374325,0.274836648578,-0.475423854289
/home/bhaswati/Machine_Learning/7june2k15/pfd/index198051HR_0214-44_IA_search_DM35.175_ACCEL_50_ACCEL_Cand_51.pfd,76.2067512057,92.4600235837,0.982634580272,-0.446425705844,1.84372067451,0.632114589214,0.516344055855,0.0892060961326
/home/bhaswati/Machine_Learning/7june2k15/pfd/index226144HR_0214-44_IA_search_DM43.450_ACCEL_50_ACCEL_Cand_44.pfd,89.7571186611,116.98953023,0.699223020151,-1.5,0.77396440506,0.750496149063,1.32426146271,1.39343110067
/home/bhaswati/Machine_Learning/7june2k15/pfd/index140027HR_0219-43_IA_search_DM42.625_ACCEL_50_ACCEL_Cand_27.pfd,100.214213111,77.7371761128,0.682026621124,-0.698461615281,1.15998649597,0.513445675373,0.524505543207,-0.54582918459
/home/bhaswati/Machine_Learning/7june2k15/pfd/index3116HR_2258-43_IA_search_DM169.30_ACCEL_50_ACCEL_Cand_16.pfd,106.107085755,56.4086882224,0.712511134492,-0.0633481699554,21.3736553192,16.0350780487,0.710982885351,-0.529859102697
/home/bhaswati/Machine_Learning/7june2k15/pfd/index171038HR_0226-43_IA_search_DM25.060_ACCEL_50_ACCEL_Cand_38.pfd,103.385133556,85.9992383904,0.689916164021,-0.611323502212,0.394994318485,0.203211650252,0.574727305327,-0.106584380143
/home/bhaswati/Machine_Learning/7june2k15/pfd/index5961HR_0207-44_IA_search_DM26.775_ACCEL_50_ACCEL_Cand_1.pfd,92.2455180499,71.6347008075,0.684135086944,-0.611817204303,24.4926872253,12.021979332,0.414008321525,-0.374878326843
/home/bhaswati/Machine_Learning/7june2k15/pfd/index207724HR_0214-44_IA_search_DM47.325_ACCEL_50_ACCEL_Cand_24.pfd,88.0937607545,90.2962089569,0.823264863771,-0.743885612514,1.46176314354,0.825524330139,0.196162348574,-1.1161247032
/home/bhaswati/Machine_Learning/7june2k15/pfd/index175238HR_0226-43_IA_search_DM29.050_ACCEL_50_ACCEL_Cand_38.pfd,91.177931138,95.7078043099,0.718486909927,-0.993215326682,0.899666428566,0.383706510067,0.280591748282,-0.245964433193
/home/bhaswati/Machine_Learning/7june2k15/pfd/index53532HR_0207-44_IA_search_DM15.690_ACCEL_50_ACCEL_Cand_32.pfd,106.526164073,62.6910685855,0.705971589479,-0.389820980393,2.50393748283,0.773769855499,0.922887640735,0.679782268268
/home/bhaswati/Machine_Learning/7june2k15/pfd/index245045HR_0222-44_IA_search_DM27.300_ACCEL_50_ACCEL_Cand_45.pfd,92.8558771336,115.056205823,0.68492028602,-1.5,3.56352877617,3.12910437584,1.14507501317,0.311817987681
/home/bhaswati/Machine_Learning/7june2k15/pfd/index203039HR_0222-44_IA_search_DM47.575_ACCEL_50_ACCEL_Cand_39.pfd,95.6991806151,84.0665486703,0.787353875766,-0.454406898718,2.28992915154,1.94298088551,2.13453107983,5.66309517432
/home/bhaswati/Machine_Learning/7june2k15/pfd/index2057122HR_0207-44_IA_search_DM12.890_ACCEL_50_ACCEL_Cand_122.pfd,89.6127186386,117.082843226,0.69970571224,-1.5,0.90703445673,0.714367806911,1.06843128104,0.560361655052
/home/bhaswati/Machine_Learning/7june2k15/pfd/index152030HR_0207-44_IA_search_DM41.600_ACCEL_50_ACCEL_Cand_30.pfd,89.0869015372,73.763790096,0.958102007595,-0.199999398106,1.22485077381,0.780687510967,0.821814869762,-0.648535867505
/home/bhaswati/Machine_Learning/7june2k15/pfd/index71145HR_0211-43_IA_search_DM2.740_ACCEL_50_ACCEL_Cand_45.pfd,101.678742953,74.5742787663,0.760806508825,-0.739472930106,29.0790081024,18.0523529053,0.498794838842,-0.226182836838
/home/bhaswati/Machine_Learning/7june2k15/pfd/index227035HR_0214-44_IA_search_DM49.275_ACCEL_50_ACCEL_Cand_35.pfd,96.9531514964,112.710779906,0.653804360626,-1.5,1.38008773327,1.44171357155,1.48341131964,1.84577774309
/home/bhaswati/Machine_Learning/7june2k15/pfd/index57039HR_0207-44_IA_search_DM8.110_ACCEL_50_ACCEL_Cand_39.pfd,98.5518477878,69.061764833,0.730072433173,-0.566436298058,25.8257694244,13.9155197144,-0.349258334112,-1.27985815689
/home/bhaswati/Machine_Learning/7june2k15/pfd/index89826HR_2251-43_IA_search_DM44.875_ACCEL_50_ACCEL_Cand_26.pfd,100.649130866,63.5066083831,0.655240552751,-0.468861978126,3.76748728752,0.57831209898,0.0424573082171,-1.38698025259
/home/bhaswati/Machine_Learning/7june2k15/pfd/index163283HR_0207-44_IA_search_DM7.610_ACCEL_50_ACCEL_Cand_83.pfd,81.2892856813,71.2504806468,1.42453303836,1.21019228486,1.67453622818,0.651928722858,0.281437537593,-0.684549373595
/home/bhaswati/Machine_Learning/7june2k15/pfd/index229041HR_0222-44_IA_search_DM42.300_ACCEL_50_ACCEL_Cand_41.pfd,82.4499661272,102.738623331,0.963439542155,-0.842385072692,2.24484753609,1.89669585228,1.43081409288,1.58056245701
/home/bhaswati/Machine_Learning/7june2k15/pfd/index161270HR_0207-44_IA_search_DM8.580_ACCEL_50_ACCEL_Cand_70.pfd,103.201304986,70.2575649078,0.78554124088,0.100655541335,1.15929067135,0.563961327076,0.226255526553,-1.06508667062
/home/bhaswati/Machine_Learning/7june2k15/pfd/index2496124HR_0222-44_IA_search_DM5.410_ACCEL_50_ACCEL_Cand_124.pfd,85.1609561076,120.094501437,0.70709820771,-1.5,1.83132898808,1.71369242668,1.43960076552,2.19925105001
/home/bhaswati/Machine_Learning/7june2k15/pfd/index108855HR_2258-43_IA_search_DM25.475_ACCEL_50_ACCEL_Cand_55.pfd,99.8553754153,55.8727793567,0.677524506094,-0.229988396671,2.41982674599,0.381257355213,0.195148303841,-0.964486128362
/home/bhaswati/Machine_Learning/7june2k15/pfd/index18427HR_0219-43_IA_search_DM428.50_ACCEL_50_ACCEL_Cand_27.pfd,89.7840711902,57.3203176985,0.669442689524,-0.148002535685,1.48558843136,0.253898620605,0.638935386399,0.0764919293505
/home/bhaswati/Machine_Learning/7june2k15/pfd/index221258HR_0222-44_IA_search_DM33.825_ACCEL_50_ACCEL_Cand_58.pfd,80.8169986575,98.5569376129,0.864013394637,-0.838756569778,1.2170894146,0.784449994564,0.80914702463,0.0884215354481
/home/bhaswati/Machine_Learning/7june2k15/pfd/index195628HR_0207-44_IA_search_DM37.650_ACCEL_50_ACCEL_Cand_28.pfd,93.1000860361,94.3671545121,0.724649820551,-0.975521745863,2.49526691437,1.98331534863,0.777054694365,-0.431605457123
/home/bhaswati/Machine_Learning/7june2k15/pfd/index173521HR_0207-44_IA_search_DM20.540_ACCEL_50_ACCEL_Cand_21.pfd,101.973932161,88.1928171833,0.660927667717,-1.02836453585,1.08478951454,0.788675487041,0.875858116098,0.0324424475204
/home/bhaswati/Machine_Learning/7june2k15/pfd/index1934125HR_2258-43_IA_search_DM1.080_ACCEL_50_ACCEL_Cand_125.pfd,90.378874297,96.3025885448,0.696355308113,-1.1517712029,0.927035570145,0.52553665638,0.400951650555,-0.594670383457
/home/bhaswati/Machine_Learning/7june2k15/pfd/index225222HR_0222-44_IA_search_DM46.950_ACCEL_50_ACCEL_Cand_22.pfd,95.8706162507,86.8978623238,0.923131990966,-0.436997182366,0.697401881218,0.447506517172,0.959390759845,0.713260240058
/home/bhaswati/Machine_Learning/7june2k15/pfd/index166541HR_2258-43_IA_search_DM16.490_ACCEL_50_ACCEL_Cand_41.pfd,90.4183420859,84.185871806,0.72658155149,-1.05412714185,5.11645507812,1.9146130085,0.518044807907,-1.16312457293
/home/bhaswati/Machine_Learning/7june2k15/pfd/index115511HR_0226-43_IA_search_DM301.00_ACCEL_50_ACCEL_Cand_11.pfd,102.096225465,49.6438796128,0.997918744432,1.29732220208,1.44584488869,0.515575945377,0.0736874843369,-1.64498189692
/home/bhaswati/Machine_Learning/7june2k15/pfd/index76359HR_0214-44_IA_search_DM5.570_ACCEL_50_ACCEL_Cand_59.pfd,113.252851887,64.0066473794,0.661121899318,-0.381975945225,1.39992558956,0.418699711561,0.218886158299,-1.31133167836
/home/bhaswati/Machine_Learning/7june2k15/pfd/index528141HR_0611-48_IA_search_DM9.810_ACCEL_50_ACCEL_Cand_141.pfd,104.372070235,72.5442821484,0.779108203039,-0.748763861511,11.4036531448,8.32468605042,0.935267223015,-0.251358308313
/home/bhaswati/Machine_Learning/7june2k15/pfd/index1395118HR_2243-43_IA_search_DM1.850_ACCEL_50_ACCEL_Cand_118.pfd,91.873395518,92.2275752299,0.654073638127,-0.99880192385,2.18668651581,0.784129559994,0.403586590068,-0.505660783078
/home/bhaswati/Machine_Learning/7june2k15/pfd/index181155HR_0226-43_IA_search_DM13.250_ACCEL_50_ACCEL_Cand_55.pfd,96.9396467637,112.718101385,0.65393073775,-1.5,4.99207353592,3.60402679443,0.952207343977,0.136089180476
/home/bhaswati/Machine_Learning/7june2k15/pfd/index5852HR_0207-44_IA_search_DM15.400_ACCEL_50_ACCEL_Cand_2.pfd,96.8388030651,79.7477820733,0.760099049733,-0.972453759233,54.9840812683,34.0251731873,0.31900226313,-1.29832077799
/home/bhaswati/Machine_Learning/7june2k15/pfd/index177357HR_0214-44_IA_search_DM16.610_ACCEL_50_ACCEL_Cand_57.pfd,95.0993275994,75.2421845322,0.67766412518,-0.26306446108,0.786066532135,0.47450491786,1.14424115322,0.43633982942
/home/bhaswati/Machine_Learning/7june2k15/pfd/index3016HR_2243-43_IA_search_DM188.30_ACCEL_50_ACCEL_Cand_16.pfd,105.443516781,70.1929731673,0.691557307538,-0.83184689002,53.4147491455,38.816860199,1.0068849507,-0.0784018799517
/home/bhaswati/Machine_Learning/7june2k15/pfd/index207626HR_0207-44_IA_search_DM20.990_ACCEL_50_ACCEL_Cand_26.pfd,96.8916133753,112.744164654,0.654378932874,-1.5,4.9218082428,3.94212961197,0.513884949403,-0.745832695432
/home/bhaswati/Machine_Learning/7june2k15/pfd/index164178HR_0214-44_IA_search_DM6.020_ACCEL_50_ACCEL_Cand_78.pfd,102.851220517,64.9392140582,0.689752839084,0.515970158297,0.678631365299,0.320870608091,0.565082789753,-0.337790999382
/home/bhaswati/Machine_Learning/7june2k15/pfd/index2599HR_0611-48_IA_search_DM40.525_ACCEL_50_ACCEL_Cand_9.pfd,99.9902758611,68.5271254275,0.688683295164,-0.873410065259,7.13432359695,4.39937257767,0.50092628937,-0.773738059118
/home/bhaswati/Machine_Learning/7june2k15/pfd/index168537HR_0222-44_IA_search_DM41.700_ACCEL_50_ACCEL_Cand_37.pfd,91.9994385787,70.82102844,0.914547786864,0.272082144047,0.813937008381,0.37333804369,0.512117061506,-0.563649367985
/home/bhaswati/Machine_Learning/7june2k15/pfd/index24328HR_0207-44_IA_search_DM449.00_ACCEL_50_ACCEL_Cand_28.pfd,97.8179541756,47.024031904,0.776404375478,0.852522758323,1.4060703516,0.3666870296,0.0914758088946,-1.09262083614
/home/bhaswati/Machine_Learning/7june2k15/pfd/index96558HR_2258-43_IA_search_DM2.130_ACCEL_50_ACCEL_Cand_58.pfd,104.744021349,72.4145556153,0.671550470352,-0.61538525329,28.5382061005,27.1159763336,1.31808038726,0.566478821008
/home/bhaswati/Machine_Learning/7june2k15/pfd/index137812HR_2251-43_IA_search_DM72.500_ACCEL_50_ACCEL_Cand_12.pfd,103.177751588,80.9736589856,0.675706464243,-0.924555006065,5.68351745605,1.51371884346,0.0274238172915,-1.41384282833
/home/bhaswati/Machine_Learning/7june2k15/pfd/index246744HR_0222-44_IA_search_DM22.210_ACCEL_50_ACCEL_Cand_44.pfd,95.2380240539,113.662527615,0.668579151125,-1.5,0.829916357994,0.809122741222,1.15257687531,0.110200891375
/home/bhaswati/Machine_Learning/7june2k15/pfd/index198768HR_2258-43_IA_search_DM31.900_ACCEL_50_ACCEL_Cand_68.pfd,98.5221498434,78.1681836561,0.981468711971,0.106962537827,1.36510908604,0.907484471798,0.574488473888,-0.859592670273
/home/bhaswati/Machine_Learning/7june2k15/pfd/index193255HR_2258-43_IA_search_DM40.725_ACCEL_50_ACCEL_Cand_55.pfd,95.4325957894,77.3972629576,1.13633109936,0.400181057989,1.30240345001,0.55092394352,0.627322457029,0.407011020976
/home/bhaswati/Machine_Learning/7june2k15/pfd/index223153HR_0222-44_IA_search_DM20.400_ACCEL_50_ACCEL_Cand_53.pfd,85.4593062996,92.234241629,1.00089412422,-0.515023991142,1.19208848476,0.5865213871,-0.116214991071,-1.01264728955
/home/bhaswati/Machine_Learning/7june2k15/pfd/index171939HR_0214-44_IA_search_DM42.625_ACCEL_50_ACCEL_Cand_39.pfd,82.6055058116,71.3715607787,1.15286178313,0.625795211467,1.00508499146,0.544969499111,0.711229521705,0.158296578214
/home/bhaswati/Machine_Learning/7june2k15/pfd/index48HR_0219-43_IA_search_DM336.80_ACCEL_50_ACCEL_Cand_8.pfd,98.6484900052,60.6487504858,0.910116544665,0.0134291657405,99.7157745361,78.4744415283,0.34685718662,-1.68660096483
/home/bhaswati/Machine_Learning/7june2k15/pfd/index4121HR_0219-43_IA_search_DM397.80_ACCEL_50_ACCEL_Cand_1.pfd,86.8870975025,77.2544545625,0.798906417266,-0.690550285243,58.1656188965,30.5523509979,-0.18037663373,-1.27613765439
/home/bhaswati/Machine_Learning/7june2k15/pfd/index6541HR_2258-43_IA_search_DM367.00_ACCEL_50_ACCEL_Cand_1.pfd,101.483968272,64.6920932517,0.718654395183,-0.165958450062,43.5602836609,20.6933727264,0.347303012262,-1.5349751978
/home/bhaswati/Machine_Learning/7june2k15/pfd/index208096HR_0207-44_IA_search_DM1.010_ACCEL_50_ACCEL_Cand_96.pfd,95.6932317187,113.405648082,0.664907046413,-1.5,3.29278564453,1.46718072891,0.0581226600172,-0.285102357888
/home/bhaswati/Machine_Learning/7june2k15/pfd/index1482117HR_0226-43_IA_search_DM5.520_ACCEL_50_ACCEL_Cand_117.pfd,107.576174581,72.7303295219,0.707698444502,-0.365184807068,1.14121758938,0.415801882744,0.813009273496,-0.00423162022556
/home/bhaswati/Machine_Learning/7june2k15/pfd/index37173HR_0214-44_IA_search_DM493.00_ACCEL_50_ACCEL_Cand_73.pfd,92.1533844656,48.8210857608,1.13200764329,1.85596107547,1.05621683598,0.185537144542,0.030793508439,-0.84701121469
/home/bhaswati/Machine_Learning/7june2k15/pfd/index12033HR_0611-48_IA_search_DM376.20_ACCEL_50_ACCEL_Cand_3.pfd,93.7679500523,61.501856033,0.764725865325,0.209189179126,0.948097169399,0.330844372511,0.464552353946,-0.955921628358
/home/bhaswati/Machine_Learning/7june2k15/pfd/index1214HR_2243-43_IA_search_DM273.20_ACCEL_50_ACCEL_Cand_14.pfd,100.016051452,75.1715749592,0.688165802831,-0.929411464793,79.0952453613,59.6919212341,1.61926896873,2.61017083949
/home/bhaswati/Machine_Learning/7june2k15/pfd/index1798HR_0211-43_IA_search_DM18.750_ACCEL_50_ACCEL_Cand_8.pfd,102.684514962,69.2919585093,0.772112437839,-0.430279534628,60.5333557129,39.6269035339,1.24075802024,1.57233415238
/home/bhaswati/Machine_Learning/7june2k15/pfd/index1403178HR_0207-44_IA_search_DM5.400_ACCEL_50_ACCEL_Cand_178.pfd,96.8470093612,84.3762458972,0.673297397367,-0.777522346174,2.03539299965,0.892584681511,0.193771243477,-1.09832552989
/home/bhaswati/Machine_Learning/7june2k15/pfd/index87433HR_0214-44_IA_search_DM163.20_ACCEL_50_ACCEL_Cand_33.pfd,98.0886641262,50.5163880597,0.701225821667,0.489049176991,0.836451292038,0.138001963496,0.537039402041,0.268104320669
/home/bhaswati/Machine_Learning/7june2k15/pfd/index181630HR_2258-43_IA_search_DM45.100_ACCEL_50_ACCEL_Cand_30.pfd,71.4519519565,72.3709851462,1.57424992678,1.82111716799,1.20692670345,0.422466039658,0.158851893906,-0.654149562788
/home/bhaswati/Machine_Learning/7june2k15/pfd/index128794HR_2258-43_IA_search_DM6.900_ACCEL_50_ACCEL_Cand_94.pfd,105.072579773,62.9949641761,0.678610848791,-0.227464299967,1.38543844223,0.603276491165,0.475542200495,-0.987992761604
/home/bhaswati/Machine_Learning/7june2k15/pfd/index178549HR_0222-44_IA_search_DM38.500_ACCEL_50_ACCEL_Cand_49.pfd,93.5366740882,74.5498092865,0.741926231296,-0.0109740998038,1.61072051525,0.895729422569,0.507087087849,-0.767806978682
/home/bhaswati/Machine_Learning/7june2k15/pfd/index80314HR_0222-44_IA_search_DM211.80_ACCEL_50_ACCEL_Cand_14.pfd,102.510050997,48.8611901121,0.658819658249,1.04952244933,0.847192049026,0.147374615073,0.622952809342,0.821360883177
/home/bhaswati/Machine_Learning/7june2k15/pfd/index64026HR_0219-43_IA_search_DM142.60_ACCEL_50_ACCEL_Cand_26.pfd,80.0144863083,45.811508041,0.759760592473,2.02242671833,0.859733045101,0.183753922582,0.0155144365585,-0.0870663642246
/home/bhaswati/Machine_Learning/7june2k15/pfd/index205059HR_0222-44_IA_search_DM8.380_ACCEL_50_ACCEL_Cand_59.pfd,81.0622257686,102.503185017,0.790831965545,-1.223683625,2.62180399895,1.29477834702,0.221992645053,-0.321571322798
/home/bhaswati/Machine_Learning/7june2k15/pfd/index1276109HR_0219-43_IA_search_DM5.520_ACCEL_50_ACCEL_Cand_109.pfd,74.6216394523,59.4570304424,1.33951148429,1.72868301983,0.927779555321,0.280655562878,1.01861658443,0.936945655697
/home/bhaswati/Machine_Learning/7june2k15/pfd/index136864HR_0207-44_IA_search_DM6.760_ACCEL_50_ACCEL_Cand_64.pfd,84.5164975284,75.0702609067,0.940292145762,-0.145572018346,1.28099215031,0.62710416317,0.489621810312,-0.768170655376
/home/bhaswati/Machine_Learning/7june2k15/pfd/index147322HR_0207-44_IA_search_DM42.250_ACCEL_50_ACCEL_Cand_22.pfd,84.2088480181,82.5075379347,0.878558237599,-0.51747154686,0.779687702656,0.233870327473,0.364035736193,-0.369585673417
/home/bhaswati/Machine_Learning/7june2k15/pfd/index159299HR_0226-43_IA_search_DM1.710_ACCEL_50_ACCEL_Cand_99.pfd,70.7990676241,89.2791634763,1.29603004196,0.148511776946,0.583705604076,0.308656454086,0.84202817749,0.612231254112
/home/bhaswati/Machine_Learning/7june2k15/pfd/index12687HR_0207-44_IA_search_DM89.300_ACCEL_50_ACCEL_Cand_7.pfd,84.1683221151,60.0763370561,0.776836666061,0.774020506124,0.833635032177,0.266661822796,0.640103599228,0.251384164746
/home/bhaswati/Machine_Learning/7june2k15/pfd/index86431HR_0222-44_IA_search_DM148.00_ACCEL_50_ACCEL_Cand_31.pfd,109.288428249,50.8125534114,0.736212970434,0.704350471277,0.936992585659,0.172155365348,0.417202921466,0.343281798821
/home/bhaswati/Machine_Learning/7june2k15/pfd/index12881HR_0214-44_IA_search_DM12.410_ACCEL_50_ACCEL_Cand_81.pfd,101.738455831,49.4407271649,0.808912241612,1.016954117,2.55446648598,1.08992707729,0.77269597383,0.00832669727294
/home/bhaswati/Machine_Learning/7june2k15/pfd/index203134HR_0222-44_IA_search_DM27.725_ACCEL_50_ACCEL_Cand_34.pfd,102.239513749,85.2661739707,0.691872605382,-0.831262016381,1.00921678543,0.734775900841,1.32301964794,1.55543398974
/home/bhaswati/Machine_Learning/7june2k15/pfd/index148517HR_0211-43_IA_search_DM204.70_ACCEL_50_ACCEL_Cand_17.pfd,95.5219577242,55.9354556264,0.733432921536,0.240935918766,0.63305491209,0.136590451002,0.299025738645,-0.147713511449
/home/bhaswati/Machine_Learning/7june2k15/pfd/index201236HR_0222-44_IA_search_DM39.450_ACCEL_50_ACCEL_Cand_36.pfd,96.8970809253,87.5458759434,0.755829605265,-0.848146657228,1.56300067902,0.814192831516,-0.0871961095533,-1.27263114898
/home/bhaswati/Machine_Learning/7june2k15/pfd/index143618HR_0226-43_IA_search_DM42.925_ACCEL_50_ACCEL_Cand_18.pfd,91.2881692027,70.4975157739,0.696840610397,0.273463916749,1.36379849911,0.393110364676,-0.18529868789,-0.170447831271
/home/bhaswati/Machine_Learning/7june2k15/pfd/index1055108HR_0211-43_IA_search_DM1.060_ACCEL_50_ACCEL_Cand_108.pfd,89.3395354893,73.4484357431,1.1385393808,-0.0845964505606,31.2410564423,6.29070663452,0.0836779219504,-0.780310092345
/home/bhaswati/Machine_Learning/7june2k15/pfd/index189075HR_0207-44_IA_search_DM1.700_ACCEL_50_ACCEL_Cand_75.pfd,103.275157087,83.1923174957,0.711735671509,-0.689964283684,1.39324724674,0.589133381844,0.664067718244,0.267462189181
/home/bhaswati/Machine_Learning/7june2k15/pfd/index4332HR_2243-43_IA_search_DM12.750_ACCEL_50_ACCEL_Cand_2.pfd,96.2785048579,75.5311628101,0.678945578935,-0.654105071321,135.593994141,82.8043441772,0.402656501081,-1.07803119112
/home/bhaswati/Machine_Learning/7june2k15/pfd/index26923HR_2243-43_IA_search_DM202.70_ACCEL_50_ACCEL_Cand_23.pfd,102.624660114,47.3585431297,0.731923885282,0.569937008821,1.04379749298,0.199109479785,0.508800509341,-0.202951866091
/home/bhaswati/Machine_Learning/7june2k15/pfd/index234140HR_0222-44_IA_search_DM41.750_ACCEL_50_ACCEL_Cand_40.pfd,93.8965012735,114.437276503,0.678369533856,-1.5,1.9113907814,2.35689091682,2.40236191514,5.36985248426
/home/bhaswati/Machine_Learning/7june2k15/pfd/index38341HR_0611-48_IA_search_DM18.840_ACCEL_50_ACCEL_Cand_41.pfd,103.020311008,74.9162686244,0.663634836874,-1.06091314582,21.2678203583,10.7685823441,0.428762517931,-0.977339763269
/home/bhaswati/Machine_Learning/7june2k15/pfd/index204157HR_0214-44_IA_search_DM21.690_ACCEL_50_ACCEL_Cand_57.pfd,92.1993489507,84.8832809454,0.838899869209,-0.403533897806,1.92958211899,1.33747649193,1.06701515729,1.01483819103
/home/bhaswati/Machine_Learning/7june2k15/pfd/index201090HR_0222-44_IA_search_DM7.830_ACCEL_50_ACCEL_Cand_90.pfd,92.9959817737,83.1931808424,0.847595295328,-0.197306435319,2.23869967461,1.02546477318,0.558126780698,0.354778696509
/home/bhaswati/Machine_Learning/7june2k15/pfd/index1921HR_0211-43_IA_search_DM255.00_ACCEL_50_ACCEL_Cand_21.pfd,97.8222074853,67.2357993189,0.912304460429,-0.298053417567,39.3001937866,24.6757850647,0.476891019065,-0.976508149899
/home/bhaswati/Machine_Learning/7june2k15/pfd/index142057HR_0226-43_IA_search_DM1.700_ACCEL_50_ACCEL_Cand_57.pfd,95.2996552228,67.9750470969,0.788889944141,0.192889968076,1.79019010067,0.874625921249,0.499382324696,-0.370135964806
/home/bhaswati/Machine_Learning/7june2k15/pfd/index1514139HR_0207-44_IA_search_DM5.930_ACCEL_50_ACCEL_Cand_139.pfd,100.999186523,75.588245384,0.77433479147,-0.528700640062,3.9809525013,1.71654284,0.248465038256,-1.40992753067
/home/bhaswati/Machine_Learning/7june2k15/pfd/index178488HR_0222-44_IA_search_DM7.910_ACCEL_50_ACCEL_Cand_88.pfd,101.469999552,96.1826559197,0.659930097991,-1.23596619614,1.74365830421,0.587679445744,0.45801377439,-0.556689903661
/home/bhaswati/Machine_Learning/7june2k15/pfd/index13339HR_0222-44_IA_search_DM229.60_ACCEL_50_ACCEL_Cand_9.pfd,81.6294499362,60.0959363456,1.04019233294,0.881972603577,0.654216170311,0.14751675725,0.370783839068,0.400398228926
/home/bhaswati/Machine_Learning/7june2k15/pfd/index232870HR_0214-44_IA_search_DM16.400_ACCEL_50_ACCEL_Cand_70.pfd,96.1866552504,113.130681598,0.660723965345,-1.5,0.442571669817,0.380415946245,0.951691053504,0.371555132688
/home/bhaswati/Machine_Learning/7june2k15/pfd/index205864HR_0222-44_IA_search_DM17.160_ACCEL_50_ACCEL_Cand_64.pfd,99.4771452846,79.2392720459,0.903284747143,-0.0934789575018,6.16639900208,5.47896337509,1.33745161157,1.19232790189
/home/bhaswati/Machine_Learning/7june2k15/pfd/index193327HR_0207-44_IA_search_DM18.500_ACCEL_50_ACCEL_Cand_27.pfd,89.5016116865,88.6985046458,0.774178700066,-0.642244138859,1.94423246384,0.969209730625,0.249086038496,-0.788236412499
/home/bhaswati/Machine_Learning/7june2k15/pfd/index131834HR_0222-44_IA_search_DM41.850_ACCEL_50_ACCEL_Cand_34.pfd,70.7241681703,59.5038810684,1.46464133554,1.91935842408,0.859524548054,0.2559877038,0.463203474573,0.107405606399
/home/bhaswati/Machine_Learning/7june2k15/pfd/index170521HR_0207-44_IA_search_DM24.660_ACCEL_50_ACCEL_Cand_21.pfd,97.6580805418,81.4592084797,0.855367435544,-0.279102384755,1.1434571743,0.453294485807,0.722222126985,1.01621514567
/home/bhaswati/Machine_Learning/7june2k15/pfd/index29619HR_0222-44_IA_search_DM429.50_ACCEL_50_ACCEL_Cand_19.pfd,105.981718946,52.8088351102,0.679753689991,0.242159376034,1.54998791218,0.240921154618,-0.00932235304035,-0.53976669991
/home/bhaswati/Machine_Learning/7june2k15/pfd/index127817HR_0219-43_IA_search_DM133.80_ACCEL_50_ACCEL_Cand_17.pfd,104.975071141,65.1780572419,0.729290178819,-0.207568619861,0.728432476521,0.304812908173,1.16084696854,0.629900935188
/home/bhaswati/Machine_Learning/7june2k15/pfd/index184721HR_0222-44_IA_search_DM43.550_ACCEL_50_ACCEL_Cand_21.pfd,93.0431230233,107.949194509,0.674953814805,-1.4858184449,1.21313869953,0.633797049522,0.426521086724,-0.630857835587
/home/bhaswati/Machine_Learning/7june2k15/pfd/index6181HR_0222-44_IA_search_DM155.70_ACCEL_50_ACCEL_Cand_1.pfd,75.8814262252,71.6718240397,0.793756602828,-0.600811389177,111.846717834,49.2893218994,-0.126528893321,-1.31235328758
/home/bhaswati/Machine_Learning/7june2k15/pfd/index130078HR_0219-43_IA_search_DM5.870_ACCEL_50_ACCEL_Cand_78.pfd,117.057469575,59.9422217104,0.701104765917,0.207890942939,1.60148620605,0.432460308075,-0.581173102809,0.0939069894134
/home/bhaswati/Machine_Learning/7june2k15/pfd/index50516HR_0211-43_IA_search_DM176.70_ACCEL_50_ACCEL_Cand_16.pfd,89.3846601302,67.9087113703,0.728026650625,-0.555026230737,6.85606002808,2.38369750977,0.246467443842,-0.714957257867
/home/bhaswati/Machine_Learning/7june2k15/pfd/index319HR_0214-44_IA_search_DM142.30_ACCEL_50_ACCEL_Cand_19.pfd,97.4600529345,71.6378114563,0.868562279,-0.408002999051,89.9067993164,86.738822937,0.954125491504,-0.807335411346
/home/bhaswati/Machine_Learning/7june2k15/pfd/index195245HR_0207-44_IA_search_DM21.880_ACCEL_50_ACCEL_Cand_45.pfd,82.8896184969,92.7974686913,1.0130888416,-0.406197175048,1.09924507141,0.627196669579,0.464751261991,-0.334757879596
/home/bhaswati/Machine_Learning/7june2k15/pfd/index3333HR_0611-48_IA_search_DM252.00_ACCEL_50_ACCEL_Cand_3.pfd,103.294861749,71.7407831983,0.686077154665,-0.652616529549,12.218588829,4.46071767807,0.802487407275,-0.344086943525
/home/bhaswati/Machine_Learning/7june2k15/pfd/index1378143HR_2243-43_IA_search_DM1.720_ACCEL_50_ACCEL_Cand_143.pfd,93.6117446225,86.5749164736,0.760853117779,-0.617197727114,0.395898938179,0.209300279617,0.771580995352,0.182953488949
/home/bhaswati/Machine_Learning/7june2k15/pfd/index751127HR_2243-43_IA_search_DM2.410_ACCEL_50_ACCEL_Cand_127.pfd,98.0105220543,79.0104314088,0.687967704765,-1.0596794379,12.0362815857,9.22191810608,0.561988417222,-1.17762765967
/home/bhaswati/Machine_Learning/7june2k15/pfd/index161465HR_0226-43_IA_search_DM7.920_ACCEL_50_ACCEL_Cand_65.pfd,74.3978320693,90.2877989734,1.1524081996,-0.16776700192,1.31646335125,0.618537902832,0.444249973648,0.195413883678
/home/bhaswati/Machine_Learning/7june2k15/pfd/index185693HR_0214-44_IA_search_DM8.440_ACCEL_50_ACCEL_Cand_93.pfd,87.19420722,78.8803313143,0.741936393107,-0.283394085433,1.00914394855,0.550264835358,0.179040583243,-0.804828139174
/home/bhaswati/Machine_Learning/7june2k15/pfd/index161815HR_0226-43_IA_search_DM47.325_ACCEL_50_ACCEL_Cand_15.pfd,65.4369942243,86.256589894,1.64986572092,0.966697332914,0.680315494537,0.367069542408,1.13001842352,2.0038430612
/home/bhaswati/Machine_Learning/7june2k15/pfd/index25030HR_0207-44_IA_search_DM489.50_ACCEL_50_ACCEL_Cand_30.pfd,99.9214795578,48.369607129,0.694517457875,0.649277964936,1.33472263813,0.266613662243,0.0406478049281,-0.374712097656
/home/bhaswati/Machine_Learning/7june2k15/pfd/index224235HR_0214-44_IA_search_DM43.450_ACCEL_50_ACCEL_Cand_35.pfd,88.9814709136,117.494060131,0.701629915108,-1.5,0.715547263622,0.478374093771,0.819928811376,0.4254302105
/home/bhaswati/Machine_Learning/7june2k15/pfd/index246246HR_0222-44_IA_search_DM22.210_ACCEL_50_ACCEL_Cand_46.pfd,92.5369617924,115.248982995,0.686748409963,-1.5,0.725065588951,0.625716388226,0.888234001568,-0.116398150586
/home/bhaswati/Machine_Learning/7june2k15/pfd/index129263HR_0207-44_IA_search_DM8.780_ACCEL_50_ACCEL_Cand_63.pfd,87.6506877641,74.8334358768,0.686078557858,-0.732837186302,1.16206216812,0.640199542046,0.61952276604,-0.538241840393
/home/bhaswati/Machine_Learning/7june2k15/pfd/index129830HR_0219-43_IA_search_DM97.300_ACCEL_50_ACCEL_Cand_30.pfd,102.467624855,69.8446073942,0.664663074761,-0.427887869985,0.827517151833,0.251028090715,0.308563954459,-0.896358152401
/home/bhaswati/Machine_Learning/7june2k15/pfd/index1978150HR_2258-43_IA_search_DM1.840_ACCEL_50_ACCEL_Cand_150.pfd,99.8376394395,78.834736745,0.887642585265,-0.043531814278,1.44989383221,1.08535754681,0.74110401852,-0.873867795597
/home/bhaswati/Machine_Learning/7june2k15/pfd/index175675HR_0207-44_IA_search_DM7.770_ACCEL_50_ACCEL_Cand_75.pfd,102.970427955,81.785881114,0.746081765157,-0.543992629436,2.46570944786,1.05536448956,0.436925623537,-0.367406563252
/home/bhaswati/Machine_Learning/7june2k15/pfd/index214731HR_0207-44_IA_search_DM45.575_ACCEL_50_ACCEL_Cand_31.pfd,90.7823755014,116.335153318,0.695333222935,-1.5,1.01031339169,0.647948741913,0.416654653328,-0.550434113002
/home/bhaswati/Machine_Learning/7june2k15/pfd/index207027HR_0207-44_IA_search_DM45.525_ACCEL_50_ACCEL_Cand_27.pfd,93.3419317058,114.765183131,0.681972724503,-1.5,1.38283956051,1.36485314369,1.23082359258,0.390063166539
/home/bhaswati/Machine_Learning/7june2k15/pfd/index178824HR_0226-43_IA_search_DM43.975_ACCEL_50_ACCEL_Cand_24.pfd,93.027906431,91.3583386652,0.799290721597,-0.719524759501,0.913624644279,0.512611627579,0.794058610065,0.0171439002623
/home/bhaswati/Machine_Learning/7june2k15/pfd/index102039HR_0207-44_IA_search_DM1.070_ACCEL_50_ACCEL_Cand_39.pfd,105.614113836,70.6418520195,0.657910648889,-0.735225105118,7.36013412476,4.26306676865,0.40708573835,-0.858354460072
/home/bhaswati/Machine_Learning/7june2k15/pfd/index4586HR_2251-43_IA_search_DM19.680_ACCEL_50_ACCEL_Cand_6.pfd,106.511579418,74.7347289403,0.669443220541,-0.979049225675,18.7489891052,8.32223129272,0.429587950172,-1.24954503582
/home/bhaswati/Machine_Learning/7june2k15/pfd/index215731HR_0207-44_IA_search_DM44.325_ACCEL_50_ACCEL_Cand_31.pfd,96.1398052023,113.156633193,0.661130243333,-1.5,0.68573319912,0.75015360117,1.32735265382,0.802831042131
/home/bhaswati/Machine_Learning/7june2k15/pfd/index208755HR_0207-44_IA_search_DM6.020_ACCEL_50_ACCEL_Cand_55.pfd,92.6153527237,115.201463668,0.686306784713,-1.5,2.17511296272,1.50291907787,1.22591957754,1.4758303058
/home/bhaswati/Machine_Learning/7june2k15/pfd/index21256HR_0226-43_IA_search_DM6.000_ACCEL_50_ACCEL_Cand_56.pfd,94.3577267341,54.7282000284,0.891768479621,0.503781434717,2.19929814339,0.822039186954,0.723813089463,-0.147888532499
/home/bhaswati/Machine_Learning/7june2k15/pfd/index7322HR_2251-43_IA_search_DM256.80_ACCEL_50_ACCEL_Cand_2.pfd,94.4248083135,59.4808204789,0.942076161107,0.595779018341,4.38111019135,1.59275472164,0.222538919035,-1.03628748717
/home/bhaswati/Machine_Learning/7june2k15/pfd/index135045HR_2251-43_IA_search_DM21.770_ACCEL_50_ACCEL_Cand_45.pfd,103.144169364,67.7059831324,0.656919369385,-0.68832839361,1.70898115635,0.595801413059,0.133794766001,-1.24956253012
/home/bhaswati/Machine_Learning/7june2k15/pfd/index197896HR_0207-44_IA_search_DM1.490_ACCEL_50_ACCEL_Cand_96.pfd,86.6993178927,92.708422494,0.952255746808,-0.61982552467,0.802729666233,0.39910119772,0.724542030782,0.1123369567
/home/bhaswati/Machine_Learning/7june2k15/pfd/index175355HR_0207-44_IA_search_DM7.220_ACCEL_50_ACCEL_Cand_55.pfd,83.5762747491,98.3057015185,0.820636579452,-1.11331697632,1.31110930443,0.54803699255,0.895041702345,0.761024736997
/home/bhaswati/Machine_Learning/7june2k15/pfd/index1900143HR_2258-43_IA_search_DM1.860_ACCEL_50_ACCEL_Cand_143.pfd,105.701261215,80.4950878128,0.663745131466,-0.486122485305,0.83810043335,0.499256938696,0.976268261625,0.640593737617
/home/bhaswati/Machine_Learning/7june2k15/pfd/index142883HR_0219-43_IA_search_DM5.430_ACCEL_50_ACCEL_Cand_83.pfd,78.404018554,85.2270240261,1.45192591663,0.421041482461,0.672332286835,0.25978076458,0.421532087255,-0.294965996774
/home/bhaswati/Machine_Learning/7june2k15/pfd/index181621HR_0226-43_IA_search_DM44.075_ACCEL_50_ACCEL_Cand_21.pfd,96.0624648839,113.199546061,0.661796745081,-1.5,4.40769147873,3.32469415665,0.30724006077,-1.03636971879
/home/bhaswati/Machine_Learning/7june2k15/pfd/index213225HR_0207-44_IA_search_DM34.675_ACCEL_50_ACCEL_Cand_25.pfd,95.2259094492,113.669405918,0.668674438135,-1.5,1.4790687561,1.04299926758,0.811313734648,0.216165091338
/home/bhaswati/Machine_Learning/7june2k15/pfd/index4739HR_0214-44_IA_search_DM475.00_ACCEL_50_ACCEL_Cand_9.pfd,85.4654422904,49.5810935463,0.837520397596,0.762475069259,1.4748660326,0.216547206044,-0.126938289067,-0.439326434704
/home/bhaswati/Machine_Learning/7june2k15/pfd/index1734HR_0214-44_IA_search_DM103.00_ACCEL_50_ACCEL_Cand_4.pfd,99.0089798511,73.0061705607,0.682595621179,-0.831529594013,4.38715696335,2.03844451904,0.669462455351,-0.598400264336
/home/bhaswati/Machine_Learning/7june2k15/pfd/index201094HR_0214-44_IA_search_DM8.330_ACCEL_50_ACCEL_Cand_94.pfd,88.5784457258,93.5489888433,0.678814256587,-0.985206899166,4.22528123856,1.84165287018,0.534161770617,-0.451910477182
/home/bhaswati/Machine_Learning/7june2k15/pfd/index151241HR_0219-43_IA_search_DM32.625_ACCEL_50_ACCEL_Cand_41.pfd,89.1594821819,92.9350730493,0.84141484347,-0.698515121125,0.485436737537,0.26190161705,0.890188002405,1.14661757913
/home/bhaswati/Machine_Learning/7june2k15/pfd/index192244HR_0222-44_IA_search_DM28.800_ACCEL_50_ACCEL_Cand_44.pfd,86.7461838295,93.9449328769,0.834013959929,-0.968579712328,0.894515931606,0.572560727596,0.856730018954,-0.0797390140174
/home/bhaswati/Machine_Learning/7june2k15/pfd/index213258HR_0222-44_IA_search_DM43.850_ACCEL_50_ACCEL_Cand_58.pfd,76.6170482385,85.4109288832,1.29167622459,0.367480590128,0.696106791496,0.383143514395,0.219725317709,-0.720958123392
/home/bhaswati/Machine_Learning/7june2k15/pfd/index191655HR_2258-43_IA_search_DM39.625_ACCEL_50_ACCEL_Cand_55.pfd,95.8408835184,88.6742832348,0.725414123054,-0.890850455924,2.54419326782,1.65151906013,0.752766769175,-0.58258496245
/home/bhaswati/Machine_Learning/7june2k15/pfd/index232128HR_0222-44_IA_search_DM49.475_ACCEL_50_ACCEL_Cand_28.pfd,96.1430798028,113.154818229,0.661101908574,-1.5,2.99215364456,2.12595391273,0.876023608438,-0.111037965066
/home/bhaswati/Machine_Learning/7june2k15/pfd/index222127HR_0611-48_IA_search_DM15.210_ACCEL_50_ACCEL_Cand_127.pfd,100.838751907,77.4786846478,0.666455627241,-1.01632860584,23.3796653748,12.4735374451,0.253527188098,-0.843132393973
/home/bhaswati/Machine_Learning/7june2k15/pfd/index1721HR_0214-44_IA_search_DM287.60_ACCEL_50_ACCEL_Cand_1.pfd,101.651079374,63.1946525449,0.712593090243,-0.328268432435,47.1418685913,18.6255340576,0.961878965683,0.680131472768
/home/bhaswati/Machine_Learning/7june2k15/pfd/index145040HR_0207-44_IA_search_DM17.980_ACCEL_50_ACCEL_Cand_40.pfd,104.527914859,81.7252499358,0.725016446271,-0.740769701815,1.77943623066,0.942880809307,0.583279385921,-0.89376298171
/home/bhaswati/Machine_Learning/7june2k15/pfd/index120616HR_2243-43_IA_search_DM97.100_ACCEL_50_ACCEL_Cand_16.pfd,86.6967101409,61.9626205887,0.656211558039,-0.32464729908,1.62250483036,0.540101766586,0.631948751652,-0.947879211669
/home/bhaswati/Machine_Learning/7june2k15/pfd/index2162111HR_0207-44_IA_search_DM9.140_ACCEL_50_ACCEL_Cand_111.pfd,93.7880544873,114.50105039,0.679094394899,-1.5,0.40408423543,0.534764230251,2.87863548927,8.83390976468
/home/bhaswati/Machine_Learning/7june2k15/pfd/index1279111HR_0226-43_IA_search_DM3.420_ACCEL_50_ACCEL_Cand_111.pfd,96.7888558096,59.8173222004,0.684936337749,0.147625977179,0.791522264481,0.222919091582,0.458119618977,0.113140635478
/home/bhaswati/Machine_Learning/7june2k15/pfd/index465124HR_0611-48_IA_search_DM3.940_ACCEL_50_ACCEL_Cand_124.pfd,84.7824282574,78.7939656771,0.965194595786,-0.312948100996,145.675094604,83.663444519,0.295767330172,-0.766203602825
/home/bhaswati/Machine_Learning/7june2k15/pfd/index229374HR_0214-44_IA_search_DM17.170_ACCEL_50_ACCEL_Cand_74.pfd,86.8110767452,118.948211215,0.70600045366,-1.5,0.800131320953,0.433761388063,0.220079399464,-0.475934570238
/home/bhaswati/Machine_Learning/7june2k15/pfd/index190794HR_0222-44_IA_search_DM8.100_ACCEL_50_ACCEL_Cand_94.pfd,107.181351763,79.6801830062,0.657645641018,-0.448535960417,1.44191408157,0.690467059612,0.0735102918399,-0.972425248369
/home/bhaswati/Machine_Learning/7june2k15/pfd/index159376HR_2258-43_IA_search_DM5.150_ACCEL_50_ACCEL_Cand_76.pfd,89.6434190474,63.4905467297,0.896866881028,0.0123738579772,1.75807607174,0.461747974157,0.0984926106515,-0.513499106412
/home/bhaswati/Machine_Learning/7june2k15/pfd/index198228HR_0222-44_IA_search_DM34.300_ACCEL_50_ACCEL_Cand_28.pfd,92.0847132291,79.9137120481,1.11383368292,0.198855967603,1.48380553722,1.02889728546,1.20047374827,1.17050623887
/home/bhaswati/Machine_Learning/7june2k15/pfd/index1803HR_0214-44_IA_search_DM7.990_ACCEL_50_ACCEL_Cand_3.pfd,97.2847423406,80.2972127383,0.672033448058,-0.973522970873,980.387268066,815.756591797,0.840758318,-0.821331734162
/home/bhaswati/Machine_Learning/7june2k15/pfd/index184751HR_0207-44_IA_search_DM31.300_ACCEL_50_ACCEL_Cand_51.pfd,100.598546133,100.808132928,0.657003196654,-1.43442399231,1.59346282482,1.00187587738,1.44242564189,2.09429060042
/home/bhaswati/Machine_Learning/7june2k15/pfd/index174747HR_0214-44_IA_search_DM42.325_ACCEL_50_ACCEL_Cand_47.pfd,99.3691620776,72.2178988816,0.687583075027,-0.343562249208,0.739239871502,0.266801685095,0.0199454290391,-1.07008144901
/home/bhaswati/Machine_Learning/7june2k15/pfd/index204238HR_2258-43_IA_search_DM17.450_ACCEL_50_ACCEL_Cand_38.pfd,85.1227385926,120.12145757,0.707101797972,-1.5,3.98249125481,3.50966191292,0.836178026072,-0.358115487839
/home/bhaswati/Machine_Learning/7june2k15/pfd/index169523HR_0207-44_IA_search_DM47.350_ACCEL_50_ACCEL_Cand_23.pfd,105.396301809,77.9022076756,0.740900634713,-0.156736129903,1.69085347652,0.98458725214,1.38377355929,1.85067443044
/home/bhaswati/Machine_Learning/7june2k15/pfd/index6511HR_0214-44_IA_search_DM319.60_ACCEL_50_ACCEL_Cand_1.pfd,92.6806072316,78.5646381561,0.672525623976,-1.00944803753,64.2683868408,39.96616745,0.0701602287531,-1.5171317837
/home/bhaswati/Machine_Learning/7june2k15/pfd/index1407155HR_0207-44_IA_search_DM6.080_ACCEL_50_ACCEL_Cand_155.pfd,86.7749301102,71.7941006555,1.06530267162,0.326368014928,1.04978334904,0.283539056778,-0.339572911859,-0.00528790850468
/home/bhaswati/Machine_Learning/7june2k15/pfd/index155742HR_0207-44_IA_search_DM41.425_ACCEL_50_ACCEL_Cand_42.pfd,110.997266561,75.6059326922,0.673429911013,-0.524128116818,0.709792375565,0.34610658884,0.685811728756,-0.199408005788
/home/bhaswati/Machine_Learning/7june2k15/pfd/index1760110HR_0207-44_IA_search_DM1.850_ACCEL_50_ACCEL_Cand_110.pfd,100.169427733,77.5175469109,0.944355948517,0.128352458742,0.784067988396,0.471140623093,0.749986955655,-0.198207702719
/home/bhaswati/Machine_Learning/7june2k15/pfd/index130575HR_0226-43_IA_search_DM3.290_ACCEL_50_ACCEL_Cand_75.pfd,94.3902246143,58.6492980551,0.804078401662,0.431767765064,0.82798987627,0.154437959194,0.296473670809,-0.260726347336
/home/bhaswati/Machine_Learning/7june2k15/pfd/index69310HR_0214-44_IA_search_DM7.970_ACCEL_50_ACCEL_Cand_10.pfd,99.1276886093,83.4487682686,0.69617365414,-1.04890870234,1060.94519043,763.843261719,0.405034138333,-1.33602775673
/home/bhaswati/Machine_Learning/7june2k15/pfd/index58461HR_0226-43_IA_search_DM2.960_ACCEL_50_ACCEL_Cand_61.pfd,89.2415657471,66.9021969241,0.807904208713,-0.32190198002,23.8871459961,14.9879293442,0.0398248551703,-1.59897081152
/home/bhaswati/Machine_Learning/7june2k15/pfd/index1406158HR_0207-44_IA_search_DM6.220_ACCEL_50_ACCEL_Cand_158.pfd,107.340602445,74.9754322159,0.663389782863,-0.598767581873,1.28198564053,0.401392161846,0.734607495105,0.382638112669
/home/bhaswati/Machine_Learning/7june2k15/pfd/index1553142HR_0226-43_IA_search_DM1.960_ACCEL_50_ACCEL_Cand_142.pfd,85.689572779,91.2344801241,0.746188508682,-0.715258273527,4.25159502029,1.45588707924,0.641204932508,0.280573111189
/home/bhaswati/Machine_Learning/7june2k15/pfd/index205721HR_0214-44_IA_search_DM47.575_ACCEL_50_ACCEL_Cand_21.pfd,85.251740282,94.4552343329,0.834640472477,-0.953194064265,1.86686503887,1.15244090557,0.374742370357,-1.30853912938
/home/bhaswati/Machine_Learning/7june2k15/pfd/index588138HR_0214-44_IA_search_DM6.690_ACCEL_50_ACCEL_Cand_138.pfd,112.787195087,57.8567075938,0.68821037647,0.125511793972,8.24418354034,1.6968588829,1.19523373056,1.39225777119
/home/bhaswati/Machine_Learning/7june2k15/pfd/index1327107HR_0219-43_IA_search_DM1.980_ACCEL_50_ACCEL_Cand_107.pfd,104.70871012,60.6707161393,0.686521411386,0.578016395445,1.51018917561,0.444217741489,0.206332525584,-0.0830884283959
/home/bhaswati/Machine_Learning/7june2k15/pfd/index147562HR_0226-43_IA_search_DM6.400_ACCEL_50_ACCEL_Cand_62.pfd,93.573439279,74.2398104002,0.667616673967,-0.413029723018,2.20311760902,1.12182211876,0.322925918006,-1.23285574773
/home/bhaswati/Machine_Learning/7june2k15/pfd/index51699HR_0611-48_IA_search_DM7.010_ACCEL_50_ACCEL_Cand_99.pfd,103.880949143,75.2669322009,0.722601557861,-0.786087922592,65.3429489136,54.0333061218,1.03127816726,0.073062192312
/home/bhaswati/Machine_Learning/7june2k15/pfd/index127542HR_0207-44_IA_search_DM89.300_ACCEL_50_ACCEL_Cand_42.pfd,103.716935054,77.7725943862,0.701077672431,-0.596147037568,0.858114004135,0.370838522911,0.621164813526,-0.379948493735
/home/bhaswati/Machine_Learning/7june2k15/pfd/index211036HR_0207-44_IA_search_DM46.675_ACCEL_50_ACCEL_Cand_36.pfd,92.8326908901,115.070172685,0.68505601464,-1.5,1.39238941669,1.38416731358,1.08398254588,0.078392987757
/home/bhaswati/Machine_Learning/7june2k15/pfd/index1473126HR_2251-43_IA_search_DM1.980_ACCEL_50_ACCEL_Cand_126.pfd,85.6057961488,84.0477993059,1.05645953861,0.0511512297483,2.20992946625,1.24262392521,0.646511980339,-0.855818005116
/home/bhaswati/Machine_Learning/7june2k15/pfd/index4262HR_2243-43_IA_search_DM13.940_ACCEL_50_ACCEL_Cand_2.pfd,104.183809353,77.479876766,0.664505919105,-0.842690761029,138.068115234,75.3151550293,0.38413979803,-0.610388544148
/home/bhaswati/Machine_Learning/7june2k15/pfd/index73127HR_2258-43_IA_search_DM128.40_ACCEL_50_ACCEL_Cand_27.pfd,96.7523296252,58.9377224672,0.882265097508,0.0568820236128,3.81101155281,1.33399236202,-0.0958514178355,-1.10249070749
/home/bhaswati/Machine_Learning/7june2k15/pfd/index60029HR_0214-44_IA_search_DM20.160_ACCEL_50_ACCEL_Cand_29.pfd,95.2349963351,76.8059154765,0.702477444396,-0.808490278705,17.1193695068,5.57405853271,-0.270234995566,-0.817627695638
/home/bhaswati/Machine_Learning/7june2k15/pfd/index197931HR_0214-44_IA_search_DM47.800_ACCEL_50_ACCEL_Cand_31.pfd,100.073734011,87.1006176841,0.658940199656,-0.888472263699,0.785617470741,0.467087417841,0.891997856217,0.37015812951
/home/bhaswati/Machine_Learning/7june2k15/pfd/index5951HR_0222-44_IA_search_DM8.510_ACCEL_50_ACCEL_Cand_1.pfd,104.393309708,69.3882204546,0.699530240997,-0.360271711069,80.163269043,28.4274024963,-0.447557579474,-1.02431898775
/home/bhaswati/Machine_Learning/7june2k15/pfd/index179259HR_0222-44_IA_search_DM8.500_ACCEL_50_ACCEL_Cand_59.pfd,89.5319575701,83.3309744265,0.695395244389,-0.682312723295,2.61169743538,1.19712090492,-0.0485922326109,-1.28638456839
/home/bhaswati/Machine_Learning/7june2k15/pfd/index46169HR_0611-48_IA_search_DM9.500_ACCEL_50_ACCEL_Cand_69.pfd,83.6096042044,71.0514239717,1.0897857319,0.0111931818618,33.6990203857,14.2444381714,0.470984094985,-0.347645098733
/home/bhaswati/Machine_Learning/7june2k15/pfd/index16632HR_0222-44_IA_search_DM431.00_ACCEL_50_ACCEL_Cand_32.pfd,89.1268164207,51.0878939872,1.10884791973,1.59953891264,1.09836661816,0.217687517405,0.0114170100113,-0.277111060659
/home/bhaswati/Machine_Learning/7june2k15/pfd/index217451HR_0214-44_IA_search_DM39.800_ACCEL_50_ACCEL_Cand_51.pfd,94.5062084989,91.3248319933,0.725433123581,-0.737591117517,1.51062059402,0.93616104126,0.35660020704,-0.705162790426
/home/bhaswati/Machine_Learning/7june2k15/pfd/index141761HR_0226-43_IA_search_DM1.890_ACCEL_50_ACCEL_Cand_61.pfd,94.3298300615,75.3258037577,0.777241814596,-0.330200384244,1.47202253342,0.338927567005,-0.164726586242,-0.43532457657
/home/bhaswati/Machine_Learning/7june2k15/pfd/index6172HR_0222-44_IA_search_DM362.60_ACCEL_50_ACCEL_Cand_2.pfd,111.375204546,64.8155885973,0.664052048103,-0.216616243873,27.3271923065,10.2956867218,-0.393524396102,-0.693007790638
/home/bhaswati/Machine_Learning/7june2k15/pfd/index152398HR_0222-44_IA_search_DM1.650_ACCEL_50_ACCEL_Cand_98.pfd,85.1786800232,76.2042110588,0.957725563636,-0.0762980569482,4.0685505867,2.4732606411,0.307818561172,-0.937064607164
/home/bhaswati/Machine_Learning/7june2k15/pfd/index4662HR_0211-43_IA_search_DM103.20_ACCEL_50_ACCEL_Cand_2.pfd,94.0484833761,78.1641891605,0.674962252839,-1.01171856577,11.2713413239,7.71544265747,0.654410878529,-1.0221757018
/home/bhaswati/Machine_Learning/7june2k15/pfd/index2228HR_0211-43_IA_search_DM395.60_ACCEL_50_ACCEL_Cand_28.pfd,114.111073765,66.1486500483,0.727771131133,-0.58080422861,26.2187747955,15.4964056015,0.675743243695,-0.868460146666
/home/bhaswati/Machine_Learning/7june2k15/pfd/index150664HR_2251-43_IA_search_DM4.410_ACCEL_50_ACCEL_Cand_64.pfd,95.5049179884,92.3257439911,0.665310126901,-0.850016890704,1.79091715813,1.06637477875,0.922852369177,0.318087663167
/home/bhaswati/Machine_Learning/7june2k15/pfd/index2375141HR_0222-44_IA_search_DM9.830_ACCEL_50_ACCEL_Cand_141.pfd,93.7354467068,114.532048433,0.679442471111,-1.5,0.899661302567,0.523681938648,0.481247481016,-0.382821605915
/home/bhaswati/Machine_Learning/7june2k15/pfd/index24485HR_0611-48_IA_search_DM35.425_ACCEL_50_ACCEL_Cand_85.pfd,88.0147414628,55.0365931909,0.868002246975,0.0241117279207,4.59005451202,1.41588115692,-0.525496943527,-0.602448114359
/home/bhaswati/Machine_Learning/7june2k15/pfd/index195760HR_2258-43_IA_search_DM31.900_ACCEL_50_ACCEL_Cand_60.pfd,94.051132259,86.21069084,0.746026336233,-0.590533959364,1.27284121513,0.535146653652,0.384253283279,0.166017348322
/home/bhaswati/Machine_Learning/7june2k15/pfd/index6328HR_0222-44_IA_search_DM20.060_ACCEL_50_ACCEL_Cand_8.pfd,94.5532913323,69.1706983254,0.691826347446,-0.576181146242,18.7803993225,8.14243125916,0.677226868028,-0.900659330704
/home/bhaswati/Machine_Learning/7june2k15/pfd/index811HR_2258-43_IA_search_DM419.50_ACCEL_50_ACCEL_Cand_11.pfd,88.7048895459,70.9279797529,1.03646507816,-0.129177421963,36.7367744446,25.0274028778,0.125539610567,-1.43650581097
/home/bhaswati/Machine_Learning/7june2k15/pfd/index135549HR_0214-44_IA_search_DM23.010_ACCEL_50_ACCEL_Cand_49.pfd,104.697738263,61.4732885022,0.801458108703,0.156694214081,1.72134065628,0.470253974199,0.0655017715753,-0.981794238363
/home/bhaswati/Machine_Learning/7june2k15/pfd/index2518HR_0211-43_IA_search_DM339.20_ACCEL_50_ACCEL_Cand_18.pfd,104.735094367,71.8572256945,0.680522083711,-0.66624594804,26.0129776001,14.7399168015,1.04820632094,-0.213249303042
/home/bhaswati/Machine_Learning/7june2k15/pfd/index199158HR_0222-44_IA_search_DM31.600_ACCEL_50_ACCEL_Cand_58.pfd,83.0983556379,83.9225300905,1.20511954623,0.13943439612,3.27003502846,1.76020133495,0.769133775167,0.635029332291
/home/bhaswati/Machine_Learning/7june2k15/pfd/index247128HR_0222-44_IA_search_DM44.700_ACCEL_50_ACCEL_Cand_28.pfd,95.3670760574,113.589390359,0.667556258236,-1.5,1.20768082142,0.894693076611,1.16298578094,0.447894153796
/home/bhaswati/Machine_Learning/7june2k15/pfd/index169026HR_0207-44_IA_search_DM40.725_ACCEL_50_ACCEL_Cand_26.pfd,96.8985349812,90.5121326639,0.687826126423,-1.02947142069,1.48697125912,0.575689554214,0.498656159938,0.608032886471
/home/bhaswati/Machine_Learning/7june2k15/pfd/index240761HR_0222-44_IA_search_DM18.280_ACCEL_50_ACCEL_Cand_61.pfd,87.6950025927,118.34853458,0.704632548278,-1.5,1.84770321846,1.36254990101,0.610854910254,-0.930549266749
/home/bhaswati/Machine_Learning/7june2k15/pfd/index6338HR_0222-44_IA_search_DM20.050_ACCEL_50_ACCEL_Cand_8.pfd,99.9924896722,69.1270672168,0.765069771801,-0.487406030743,20.189704895,8.8857831955,0.492590122681,-1.11339278346
/home/bhaswati/Machine_Learning/7june2k15/pfd/index234232HR_0222-44_IA_search_DM35.175_ACCEL_50_ACCEL_Cand_32.pfd,94.4894465775,114.091600368,0.674230946603,-1.5,1.63673198223,1.43604147434,1.67167468054,3.63285002607
/home/bhaswati/Machine_Learning/7june2k15/pfd/index1723HR_2243-43_IA_search_DM128.10_ACCEL_50_ACCEL_Cand_23.pfd,89.233840213,75.2016142224,0.942362538036,-0.251976104477,75.2549057007,58.8521080017,0.447120636945,-1.34816874285
/home/bhaswati/Machine_Learning/7june2k15/pfd/index2376124HR_0222-44_IA_search_DM5.950_ACCEL_50_ACCEL_Cand_124.pfd,85.8617406194,119.603466875,0.706859016004,-1.5,3.75161218643,3.02129435539,0.553913632265,-1.04515826118
/home/bhaswati/Machine_Learning/7june2k15/pfd/index25219HR_0611-48_IA_search_DM61.300_ACCEL_50_ACCEL_Cand_19.pfd,92.8058747471,59.8637050868,0.858643233446,-0.126673919509,3.64688634872,1.57875394821,-0.145159991758,-0.848166687814
/home/bhaswati/Machine_Learning/7june2k15/pfd/index201835HR_0214-44_IA_search_DM48.250_ACCEL_50_ACCEL_Cand_35.pfd,81.4486448996,96.8110404596,0.831442585249,-0.970672795837,1.58910763264,1.19614970684,1.83720897375,3.43348146598
/home/bhaswati/Machine_Learning/7june2k15/pfd/index58431HR_0219-43_IA_search_DM234.40_ACCEL_50_ACCEL_Cand_31.pfd,97.5903942997,51.8144347577,0.71576895691,0.525996464494,0.913900852203,0.171271279454,0.228600594244,-0.431760296705
/home/bhaswati/Machine_Learning/7june2k15/pfd/index4641HR_0211-43_IA_search_DM319.80_ACCEL_50_ACCEL_Cand_1.pfd,105.245474482,64.954655831,0.746986668776,-0.530333769515,37.2153167725,15.6663217545,0.385676662913,-1.43118650404
/home/bhaswati/Machine_Learning/7june2k15/pfd/index1337HR_2251-43_IA_search_DM11.010_ACCEL_50_ACCEL_Cand_7.pfd,106.813112745,74.6430346944,0.755485424739,-0.785902155253,133.204925537,194.033950806,2.52036732789,5.82781194403
/home/bhaswati/Machine_Learning/7june2k15/pfd/index4821HR_2251-43_IA_search_DM6.970_ACCEL_50_ACCEL_Cand_1.pfd,95.7540115854,76.4526628894,0.766388485428,-0.642569263917,216.319732666,125.303024292,0.802139618944,-0.614065624891
/home/bhaswati/Machine_Learning/7june2k15/pfd/index225538HR_0214-44_IA_search_DM23.620_ACCEL_50_ACCEL_Cand_38.pfd,88.2373982285,117.985608426,0.703514928733,-1.5,2.44384741783,1.60498833656,0.751493605024,0.0703043353789
/home/bhaswati/Machine_Learning/7june2k15/pfd/index61328HR_2243-43_IA_search_DM224.10_ACCEL_50_ACCEL_Cand_28.pfd,103.453521446,52.674023434,0.793224478933,0.599790496131,0.882225871086,0.14971140027,0.526060752746,-0.244347303089
/home/bhaswati/Machine_Learning/7june2k15/pfd/index129067HR_2251-43_IA_search_DM22.360_ACCEL_50_ACCEL_Cand_67.pfd,94.0785615745,54.9105529232,0.962952709549,0.934990280174,0.780851721764,0.274711787701,1.25585398067,0.682783164725
/home/bhaswati/Machine_Learning/7june2k15/pfd/index8554HR_0214-44_IA_search_DM135.00_ACCEL_50_ACCEL_Cand_4.pfd,77.656324403,48.9425480394,0.984288124195,1.43600749897,2.11740398407,0.463634908199,-0.204604225537,-0.989066923991
/home/bhaswati/Machine_Learning/7june2k15/pfd/index422101HR_0214-44_IA_search_DM430.00_ACCEL_50_ACCEL_Cand_101.pfd,94.7454083205,52.7936692701,0.800943043866,0.659139691491,2.06192803383,0.184210032225,0.0670568238002,-0.135265765533
/home/bhaswati/Machine_Learning/7june2k15/pfd/index192734HR_0214-44_IA_search_DM34.650_ACCEL_50_ACCEL_Cand_34.pfd,79.8231153852,89.1720780511,1.06578587598,-0.317404605735,1.89868068695,1.26823961735,0.487515233423,-0.721516333515
/home/bhaswati/Machine_Learning/7june2k15/pfd/index155776HR_0226-43_IA_search_DM2.000_ACCEL_50_ACCEL_Cand_76.pfd,87.9005543841,86.111698981,0.94884415534,-0.351702134674,3.87633609772,1.55695688725,-0.0883115284657,-0.868635478649
/home/bhaswati/Machine_Learning/7june2k15/pfd/index1762118HR_2258-43_IA_search_DM6.000_ACCEL_50_ACCEL_Cand_118.pfd,91.7869026874,75.6233583951,0.737967483425,-0.413196317796,0.752991735935,0.395948320627,0.189741912901,-1.0619563273
/home/bhaswati/Machine_Learning/7june2k15/pfd/index143432HR_0226-43_IA_search_DM41.625_ACCEL_50_ACCEL_Cand_32.pfd,95.2707201417,74.2239974752,0.696813011178,-0.298917892354,0.811162889004,0.247441068292,0.140119520197,-0.261617600071
/home/bhaswati/Machine_Learning/7june2k15/pfd/index4959HR_2251-43_IA_search_DM55.900_ACCEL_50_ACCEL_Cand_9.pfd,106.892673513,68.4820609207,0.668250923795,-0.850869707305,6.42164325714,2.67881393433,-0.219422890174,-1.18212312445
/home/bhaswati/Machine_Learning/7june2k15/pfd/index192140HR_0214-44_IA_search_DM43.450_ACCEL_50_ACCEL_Cand_40.pfd,80.9531436938,84.48125225,1.25894579271,0.175209857612,0.472956120968,0.355811685324,2.15081425129,6.0791321652
/home/bhaswati/Machine_Learning/7june2k15/pfd/index6081HR_0226-43_IA_search_DM319.20_ACCEL_50_ACCEL_Cand_1.pfd,92.9930254534,77.5458431448,0.753895905184,-0.859188693554,158.963134766,59.6697921753,-0.478119264725,-0.175059830197
/home/bhaswati/Machine_Learning/7june2k15/pfd/index1416HR_0219-43_IA_search_DM191.00_ACCEL_50_ACCEL_Cand_16.pfd,102.386596029,69.8324652072,0.776952993001,-0.649009750223,37.3775138855,27.3701572418,0.436167274376,-1.05493268674
/home/bhaswati/Machine_Learning/7june2k15/pfd/index172019HR_0207-44_IA_search_DM46.850_ACCEL_50_ACCEL_Cand_19.pfd,101.255829121,81.6699061307,0.762313926612,-0.459675629642,0.407740473747,0.255519598722,1.99090939652,6.18392069871
/home/bhaswati/Machine_Learning/7june2k15/pfd/index2115HR_0226-43_IA_search_DM136.30_ACCEL_50_ACCEL_Cand_15.pfd,95.5293273403,71.701363534,0.932936979669,-0.343983451756,47.3042907715,57.8256454468,0.931672664429,-0.918483337815
/home/bhaswati/Machine_Learning/7june2k15/pfd/index139215HR_0222-44_IA_search_DM236.70_ACCEL_50_ACCEL_Cand_15.pfd,82.4553836077,63.2828629603,0.801297377146,0.291949466644,0.953375041485,0.348291695118,0.576677873833,-0.39267002144
/home/bhaswati/Machine_Learning/7june2k15/pfd/index132513HR_0222-44_IA_search_DM199.70_ACCEL_50_ACCEL_Cand_13.pfd,83.4637451146,56.5728764012,0.992270501679,1.83682915412,0.776402890682,0.178854584694,0.637168734637,0.0712468781421
/home/bhaswati/Machine_Learning/7june2k15/pfd/index135293HR_0219-43_IA_search_DM5.120_ACCEL_50_ACCEL_Cand_93.pfd,88.5646288201,72.0068993346,0.956331394179,0.0491704388104,1.19270372391,0.604611515999,0.436369949617,-0.591167998113
/home/bhaswati/Machine_Learning/7june2k15/pfd/index153363HR_0214-44_IA_search_DM16.080_ACCEL_50_ACCEL_Cand_63.pfd,95.9465643604,67.723621686,0.815302588348,0.194595247982,0.83710026741,0.335851818323,0.445593101925,-0.287637359274
/home/bhaswati/Machine_Learning/7june2k15/pfd/index180632HR_0207-44_IA_search_DM43.950_ACCEL_50_ACCEL_Cand_32.pfd,85.5680090604,85.3342078257,1.08558669026,-0.187839480828,1.44836747646,0.948086082935,0.901988331206,0.190004291328
/home/bhaswati/Machine_Learning/7june2k15/pfd/index81621HR_0222-44_IA_search_DM247.00_ACCEL_50_ACCEL_Cand_21.pfd,103.560790488,43.9302269474,0.66948943509,1.78788171238,1.01626229286,0.176647379994,0.445727497132,-0.34318447607
/home/bhaswati/Machine_Learning/7june2k15/pfd/index22650HR_0214-44_IA_search_DM477.00_ACCEL_50_ACCEL_Cand_50.pfd,80.4064131854,50.7197948582,0.75202579538,0.596675530709,1.419480443,0.209502071142,0.138172679253,-0.504252890803
/home/bhaswati/Machine_Learning/7june2k15/pfd/index72715HR_0219-43_IA_search_DM3.280_ACCEL_50_ACCEL_Cand_15.pfd,90.7515362025,76.8941976978,0.755361136791,-0.739549666771,29.5388355255,15.3969182968,0.254707114722,-1.24167874481
/home/bhaswati/Machine_Learning/7june2k15/pfd/index161839HR_0207-44_IA_search_DM35.950_ACCEL_50_ACCEL_Cand_39.pfd,97.9163654662,90.0801492493,0.70688443191,-0.866582195832,2.1910200119,1.50676929951,0.559381118358,-1.01309000268
/home/bhaswati/Machine_Learning/7june2k15/pfd/index203820HR_0222-44_IA_search_DM47.325_ACCEL_50_ACCEL_Cand_20.pfd,86.0290031557,89.4066983741,0.836718454483,-0.575742025218,0.572467923164,0.354293227196,0.664541872356,-0.106776579963
/home/bhaswati/Machine_Learning/7june2k15/pfd/index185954HR_0222-44_IA_search_DM17.970_ACCEL_50_ACCEL_Cand_54.pfd,97.4119280064,72.4405308254,0.88158493913,0.0100741391928,1.97881984711,0.884799540043,0.111975795559,-1.1080308361
/home/bhaswati/Machine_Learning/7june2k15/pfd/index168652HR_0214-44_IA_search_DM23.910_ACCEL_50_ACCEL_Cand_52.pfd,94.4529477053,74.5231692462,0.90718238502,-0.165600820541,1.10226809978,0.508933663368,-0.162993543534,-1.00550602435
/home/bhaswati/Machine_Learning/7june2k15/pfd/index150959HR_0214-44_IA_search_DM38.475_ACCEL_50_ACCEL_Cand_59.pfd,90.6598104278,59.8064934349,0.808044845907,0.963118058397,0.725099623203,0.234373569489,0.32438339911,-0.579511431093
/home/bhaswati/Machine_Learning/7june2k15/pfd/index206945HR_0222-44_IA_search_DM21.490_ACCEL_50_ACCEL_Cand_45.pfd,90.7126459012,90.1650981881,0.769091596503,-0.831251831989,1.36740255356,1.00994920731,1.00471489242,-0.0333478053483
/home/bhaswati/Machine_Learning/7june2k15/pfd/index202483HR_0214-44_IA_search_DM8.190_ACCEL_50_ACCEL_Cand_83.pfd,101.985239004,82.3841011327,0.686930515053,-0.563691723845,1.84644711018,0.991258978844,0.199396391947,-1.22058510642
/home/bhaswati/Machine_Learning/7june2k15/pfd/index1886109HR_0214-44_IA_search_DM2.740_ACCEL_50_ACCEL_Cand_109.pfd,94.9338062721,73.907051966,1.12211766433,0.550190968711,0.639894545078,0.373463571072,0.63533134408,-0.426401320109
/home/bhaswati/Machine_Learning/7june2k15/pfd/index174779HR_0226-43_IA_search_DM8.340_ACCEL_50_ACCEL_Cand_79.pfd,101.535647686,87.554570365,0.679496536478,-0.685746652489,1.77173197269,1.08732271194,0.473133018426,-0.64343954654
/home/bhaswati/Machine_Learning/7june2k15/pfd/index195991HR_0214-44_IA_search_DM7.140_ACCEL_50_ACCEL_Cand_91.pfd,97.3635836604,83.8558762602,0.718319101183,-0.486914747439,1.6090555191,0.95075404644,1.37728373835,1.87177050892
/home/bhaswati/Machine_Learning/7june2k15/pfd/index221149HR_0222-44_IA_search_DM18.810_ACCEL_50_ACCEL_Cand_49.pfd,96.9312577723,89.5048408909,0.792932574898,-0.738306719025,1.23027634621,0.798252165318,1.58407320078,4.56742049474
/home/bhaswati/Machine_Learning/7june2k15/pfd/index57488HR_0226-43_IA_search_DM6.510_ACCEL_50_ACCEL_Cand_88.pfd,103.010432339,67.623750122,0.693013926287,-0.50723428408,9.05726146698,3.9591345787,1.2291861643,1.2237884858
/home/bhaswati/Machine_Learning/7june2k15/pfd/index205393HR_2258-43_IA_search_DM1.040_ACCEL_50_ACCEL_Cand_93.pfd,94.8764518956,113.868748047,0.671368856029,-1.5,5.36305904388,2.00627660751,0.249156021267,-0.96611289319
/home/bhaswati/Machine_Learning/7june2k15/pfd/index35576HR_0214-44_IA_search_DM429.00_ACCEL_50_ACCEL_Cand_76.pfd,84.1547972563,48.0281258884,1.01190175573,1.71980077739,1.60629820824,0.334528565407,0.414297963176,-0.289162822663
/home/bhaswati/Machine_Learning/7june2k15/pfd/index315HR_0211-43_IA_search_DM228.80_ACCEL_50_ACCEL_Cand_15.pfd,92.1068830985,69.560297761,0.952650245818,-0.180600312269,269.24911499,258.709503174,0.908737302181,-0.706296802746
/home/bhaswati/Machine_Learning/7june2k15/pfd/index209624HR_0207-44_IA_search_DM46.800_ACCEL_50_ACCEL_Cand_24.pfd,88.2633342094,117.9683512,0.703456107223,-1.5,3.1074655056,1.97165453434,0.649258378318,-0.414795083376
/home/bhaswati/Machine_Learning/7june2k15/pfd/index2512140HR_0222-44_IA_search_DM9.900_ACCEL_50_ACCEL_Cand_140.pfd,96.0410682936,113.211433911,0.66198021644,-1.5,0.292130529881,0.203919544816,0.611700793167,-0.510861330378
/home/bhaswati/Machine_Learning/7june2k15/pfd/index225043HR_0222-44_IA_search_DM23.830_ACCEL_50_ACCEL_Cand_43.pfd,87.6420895171,94.141559794,0.851339150711,-0.754743959792,0.837794184685,0.545382142067,0.398071400442,-0.90155321988
/home/bhaswati/Machine_Learning/7june2k15/pfd/index159750HR_0222-44_IA_search_DM16.160_ACCEL_50_ACCEL_Cand_50.pfd,94.2654166245,83.9980967729,0.660389755387,-0.778322297645,1.76930558681,0.751996278763,0.676711582066,-0.246932037469
/home/bhaswati/Machine_Learning/7june2k15/pfd/index212584HR_0222-44_IA_search_DM7.430_ACCEL_50_ACCEL_Cand_84.pfd,80.5845153635,85.3661112008,1.20496060701,0.0916531038002,4.60741949081,1.87556290627,0.633297220884,-0.467444147867
/home/bhaswati/Machine_Learning/7june2k15/pfd/index202248HR_2258-43_IA_search_DM38.775_ACCEL_50_ACCEL_Cand_48.pfd,86.2839403898,101.093351481,0.925738998892,-0.872773944418,1.3876543045,1.21652412415,1.29538125111,0.588622403639
/home/bhaswati/Machine_Learning/7june2k15/pfd/index233657HR_0214-44_IA_search_DM19.500_ACCEL_50_ACCEL_Cand_57.pfd,88.8825825659,117.558963327,0.701904157717,-1.5,1.39642179012,1.06013321877,0.237221160517,-1.22272795585
/home/bhaswati/Machine_Learning/7june2k15/pfd/index81521HR_0222-44_IA_search_DM248.40_ACCEL_50_ACCEL_Cand_21.pfd,100.716409287,59.5510260348,0.818929747675,0.0143358752495,1.00252699852,0.232523709536,0.964993776128,0.337497363032
/home/bhaswati/Machine_Learning/7june2k15/pfd/index25324HR_0211-43_IA_search_DM425.00_ACCEL_50_ACCEL_Cand_24.pfd,95.6968649236,51.1406409598,0.80998612728,0.566618357916,2.2029311657,0.520278215408,-0.479625820408,-0.753833201845
/home/bhaswati/Machine_Learning/7june2k15/pfd/index232733HR_0222-44_IA_search_DM43.950_ACCEL_50_ACCEL_Cand_33.pfd,94.5087270353,114.080446106,0.674091377002,-1.5,0.510681986809,0.454765468836,1.60517949195,2.06651707694
/home/bhaswati/Machine_Learning/7june2k15/pfd/index157182HR_0214-44_IA_search_DM7.720_ACCEL_50_ACCEL_Cand_82.pfd,86.7784961105,81.7845007518,0.879720486982,-0.548159191173,1.81633222103,0.761997640133,0.591135462218,-0.356033317098
/home/bhaswati/Machine_Learning/7june2k15/pfd/index186187HR_0222-44_IA_search_DM8.080_ACCEL_50_ACCEL_Cand_87.pfd,104.732722312,87.6047043136,0.664299399009,-0.944256799162,1.14149332047,0.564080178738,0.498992361055,-0.588477664228
/home/bhaswati/Machine_Learning/7june2k15/pfd/index144479HR_2251-43_IA_search_DM5.760_ACCEL_50_ACCEL_Cand_79.pfd,96.8179168498,68.70274823,0.709941679329,0.186475799514,1.15758860111,0.507216215134,0.182251999545,-0.588728903787
/home/bhaswati/Machine_Learning/7june2k15/pfd/index233221HR_0222-44_IA_search_DM48.800_ACCEL_50_ACCEL_Cand_21.pfd,90.0336065434,116.811648723,0.698254191117,-1.5,0.743877232075,0.606805026531,0.844328038058,-0.0850893562583
/home/bhaswati/Machine_Learning/7june2k15/pfd/index17434HR_0219-43_IA_search_DM237.80_ACCEL_50_ACCEL_Cand_34.pfd,88.609938449,42.8156579573,0.803484376208,2.02868028352,1.08433699608,0.204622760415,-0.133255480297,-0.558101165701
/home/bhaswati/Machine_Learning/7june2k15/pfd/index2421HR_0611-48_IA_search_DM125.30_ACCEL_50_ACCEL_Cand_21.pfd,105.34024502,67.829096577,0.719746218043,-0.644222916255,48.8393211365,44.9388427734,1.14533745558,-0.123810793698
/home/bhaswati/Machine_Learning/7june2k15/pfd/index200127HR_0214-44_IA_search_DM47.675_ACCEL_50_ACCEL_Cand_27.pfd,96.4728977341,84.9302365801,0.729909536164,-0.604126797906,1.92054355145,1.02694749832,1.58013802055,4.42382567522
/home/bhaswati/Machine_Learning/7june2k15/pfd/index1428110HR_0226-43_IA_search_DM5.690_ACCEL_50_ACCEL_Cand_110.pfd,66.0750771135,69.5748520955,1.8002263546,2.2103882943,0.705722332001,0.273705452681,0.967538725337,0.787937838281
/home/bhaswati/Machine_Learning/7june2k15/pfd/index129994HR_0226-43_IA_search_DM3.850_ACCEL_50_ACCEL_Cand_94.pfd,82.7056010684,65.8425305561,0.975205452912,0.0971987193526,0.891255617142,0.385067909956,0.230642788616,-1.11909494094
/home/bhaswati/Machine_Learning/7june2k15/pfd/index1219HR_2258-43_IA_search_DM201.60_ACCEL_50_ACCEL_Cand_19.pfd,103.843909516,67.4041599992,0.79503444519,-0.403093036704,61.6788978577,41.030708313,0.15176213865,-1.69463620669
/home/bhaswati/Machine_Learning/7june2k15/pfd/index146589HR_2251-43_IA_search_DM1.680_ACCEL_50_ACCEL_Cand_89.pfd,88.1107996807,80.8522954486,1.19412769176,0.297414213367,1.06918513775,0.391084462404,0.6658779954,-0.0461045132607
/home/bhaswati/Machine_Learning/7june2k15/pfd/index56829HR_0211-43_IA_search_DM179.20_ACCEL_50_ACCEL_Cand_29.pfd,98.7087305341,64.0200183025,0.863098757175,-0.0767201763551,5.06395626068,1.17825365067,-0.704979126721,-0.183214094967
/home/bhaswati/Machine_Learning/7june2k15/pfd/index203027HR_0207-44_IA_search_DM46.800_ACCEL_50_ACCEL_Cand_27.pfd,85.5023138781,119.854542172,0.707022946187,-1.5,0.440962433815,0.356065392494,0.860518757638,0.308863299834
/home/bhaswati/Machine_Learning/7june2k15/pfd/index74HR_0222-44_IA_search_DM90.150_ACCEL_50_ACCEL_Cand_4.pfd,96.5081138721,70.0372163794,0.76662663682,-0.721838648732,15.8456020355,14.0231618881,1.34477731637,0.844075840566
/home/bhaswati/Machine_Learning/7june2k15/pfd/index1256147HR_0611-48_IA_search_DM6.350_ACCEL_50_ACCEL_Cand_147.pfd,99.1639351132,75.8492345464,0.699812043159,-0.491972073236,0.517078101635,0.120150320232,0.580365770512,-0.347424426261
/home/bhaswati/Machine_Learning/7june2k15/pfd/index214939HR_0214-44_IA_search_DM26.150_ACCEL_50_ACCEL_Cand_39.pfd,99.4127601699,91.8915290328,0.672568205983,-1.02026938828,0.922835290432,0.622004032135,0.662403988258,-0.0449243290894
/home/bhaswati/Machine_Learning/7june2k15/pfd/index91235HR_2258-43_IA_search_DM231.20_ACCEL_50_ACCEL_Cand_35.pfd,84.5445044019,50.7064113325,0.701486294459,0.848131433421,0.931602120399,0.169419586658,0.37999871574,-0.418216142881
/home/bhaswati/Machine_Learning/7june2k15/pfd/index5676HR_0207-44_IA_search_DM40.825_ACCEL_50_ACCEL_Cand_6.pfd,92.9785226753,69.5406275379,0.677241411046,-0.875660441538,4.00722122192,1.82177829742,0.349851624029,-1.09105294111
/home/bhaswati/Machine_Learning/7june2k15/pfd/index184381HR_0222-44_IA_search_DM7.760_ACCEL_50_ACCEL_Cand_81.pfd,102.213167031,84.4145990511,0.783588551381,-0.761458716619,1.27766406536,0.683573305607,0.671229955949,-0.545732552972
/home/bhaswati/Machine_Learning/7june2k15/pfd/index131366HR_0219-43_IA_search_DM5.530_ACCEL_50_ACCEL_Cand_66.pfd,83.7460400829,64.5378905596,1.28844488771,1.46984285858,0.58903247118,0.204064011574,0.475445366904,0.205205084895
/home/bhaswati/Machine_Learning/7june2k15/pfd/index108725HR_2243-43_IA_search_DM36.450_ACCEL_50_ACCEL_Cand_25.pfd,99.142218873,64.3696617959,0.721581148691,-0.36633184906,1.32704365253,0.515484392643,1.06961829089,0.593608594278
/home/bhaswati/Machine_Learning/7june2k15/pfd/index2032HR_0214-44_IA_search_DM291.40_ACCEL_50_ACCEL_Cand_2.pfd,87.4796502249,72.4740840856,0.97654969024,-0.281329749089,17.6095314026,9.59412288666,0.286205135611,-1.21942277827
/home/bhaswati/Machine_Learning/7june2k15/pfd/index1832HR_0222-44_IA_search_DM3.670_ACCEL_50_ACCEL_Cand_2.pfd,90.3521539899,75.711444981,0.905453734688,-0.42238927426,192.722885132,199.940322876,1.78622471751,3.28374420788
/home/bhaswati/Machine_Learning/7june2k15/pfd/index176152HR_0207-44_IA_search_DM21.680_ACCEL_50_ACCEL_Cand_52.pfd,99.9200566172,80.888599513,0.758013147525,-0.26973000575,1.80122470856,1.39781022072,1.28942115066,0.948327072685
/home/bhaswati/Machine_Learning/7june2k15/pfd/index5968HR_0226-43_IA_search_DM19.090_ACCEL_50_ACCEL_Cand_8.pfd,103.540931151,76.793679912,0.667224843379,-0.882696489356,34.0193328857,19.5390949249,0.732007511088,-0.225748553964
/home/bhaswati/Machine_Learning/7june2k15/pfd/index15156HR_0222-44_IA_search_DM496.00_ACCEL_50_ACCEL_Cand_56.pfd,102.240250837,47.4995626745,0.780254611552,0.779595002408,1.45551407337,0.19253513217,0.137563822145,-0.496455278266
/home/bhaswati/Machine_Learning/7june2k15/pfd/index171145HR_0207-44_IA_search_DM26.675_ACCEL_50_ACCEL_Cand_45.pfd,97.9434809706,77.5277041326,1.0333472933,0.237506664217,2.47682976723,2.24112582207,2.2388664642,4.80082139646
