Candidate,Profile Mean,Profile STDEV,Profile Skew,Profile Kurt,DM Mean,DM STDEV,DM Skew,DM Kurt
/home/bhaswati/Machine_Learning/16sep2k15/pfd/index47814HR_2353-52_IA_search_DM13.500_ACCEL_50_ACCEL_Cand_14.pfd,88.6923454188,76.6686985667,0.847597688947,-0.592797863597,84.3217086792,60.3924560547,0.42331399394,-1.44579841002
/home/bhaswati/Machine_Learning/16sep2k15/pfd/index8014HR_0208-51_IA_search_DM2.170_ACCEL_50_ACCEL_Cand_4.pfd,88.695367635,78.4877164988,0.883636486495,-0.605707586907,880.823852539,600.123718262,0.204961527004,-1.41571104663
/home/bhaswati/Machine_Learning/16sep2k15/pfd/index2767HR_0101-52_IA_search_DM3.470_ACCEL_50_ACCEL_Cand_7.pfd,92.6294538772,75.4048260043,0.861449104509,-0.576943275648,1127.64953613,1198.38220215,1.6865904128,2.41472010285
/home/bhaswati/Machine_Learning/16sep2k15/pfd/index59621HR_0145-52_IA_search_DM3.640_ACCEL_50_ACCEL_Cand_21.pfd,96.7842373774,73.9945712149,0.859711379547,-0.48999328247,407.171600342,245.115356445,0.67121319707,-0.589416006146
/home/bhaswati/Machine_Learning/16sep2k15/pfd/index58830HR_0145-52_IA_search_DM6.590_ACCEL_50_ACCEL_Cand_30.pfd,87.8073017983,72.7273821247,1.00622453762,-0.302659722875,88.059967041,63.623134613,0.717794219857,-0.958004787114
/home/bhaswati/Machine_Learning/16sep2k15/pfd/index127138HR_0127-52_IA_search_DM27.700_ACCEL_50_ACCEL_Cand_38.pfd,77.5609986852,82.2513404391,1.49974687747,0.75808454558,1.06867456436,0.524086236954,1.55430016505,2.60910880557
/home/bhaswati/Machine_Learning/16sep2k15/pfd/index1745HR_0119-52_IA_search_DM2.400_ACCEL_50_ACCEL_Cand_5.pfd,87.5861929049,79.3880122925,0.899115316991,-0.611655385945,598.595397949,943.58380127,2.71342937216,7.35761666432
/home/bhaswati/Machine_Learning/16sep2k15/pfd/index123212HR_0101-52_IA_search_DM42.325_ACCEL_50_ACCEL_Cand_12.pfd,80.1499050708,65.3828049479,1.46056620621,1.96539437603,0.773407697678,0.346775859594,0.729724765366,0.156252902201
/home/bhaswati/Machine_Learning/16sep2k15/pfd/index74HR_0225-51_IA_search_DM400.00_ACCEL_50_ACCEL_Cand_4.pfd,106.874689428,55.6597449008,0.890970872941,0.262994673534,110.540916443,91.4448471069,0.541433071336,-1.3450234349
/home/bhaswati/Machine_Learning/16sep2k15/pfd/index4831HR_0225-51_IA_search_DM240.90_ACCEL_50_ACCEL_Cand_31.pfd,89.2549183394,54.9184228915,0.820746949885,0.115470602261,14.5389738083,7.80966091156,0.144155684141,-1.32660877685
/home/bhaswati/Machine_Learning/16sep2k15/pfd/index36HR_0101-52_IA_search_DM268.80_ACCEL_50_ACCEL_Cand_6.pfd,92.0740870133,69.0686125868,0.826093576012,-0.26389061693,139.077941895,157.975158691,0.982860984146,-0.808212583853
/home/bhaswati/Machine_Learning/16sep2k15/pfd/index592240HR_0259-51_IA_search_DM1.850_ACCEL_50_ACCEL_Cand_240.pfd,95.1676851042,66.6153994452,0.846493731942,-0.382163472044,9.2989988327,6.31634187698,0.904954178076,-0.509609951148
/home/bhaswati/Machine_Learning/16sep2k15/pfd/index196HR_2344-52_IA_search_DM387.00_ACCEL_50_ACCEL_Cand_6.pfd,93.8598219709,64.5446673162,0.922413632609,-0.0914444174505,30.0473613739,16.5569992065,0.32278067099,-1.25662835321
/home/bhaswati/Machine_Learning/16sep2k15/pfd/index2796HR_0101-52_IA_search_DM3.240_ACCEL_50_ACCEL_Cand_6.pfd,93.1886159775,76.9925194165,0.806705157178,-0.696997619239,628.271850586,657.866516113,1.53844752128,1.82674336415
/home/bhaswati/Machine_Learning/16sep2k15/pfd/index130991HR_0101-52_IA_search_DM1.810_ACCEL_50_ACCEL_Cand_91.pfd,84.329935776,79.9711570302,1.40612408779,0.669827355086,0.737660646439,0.349395215511,0.612559828944,-0.550010171314
/home/bhaswati/Machine_Learning/16sep2k15/pfd/index63053HR_2344-52_IA_search_DM3.960_ACCEL_50_ACCEL_Cand_53.pfd,101.009546052,77.4471187818,0.795409133596,-0.669193207129,106.831619263,60.4518585205,0.360583233712,-0.258441724455
/home/bhaswati/Machine_Learning/16sep2k15/pfd/index52811HR_0110-52_IA_search_DM28.075_ACCEL_50_ACCEL_Cand_11.pfd,90.9032170359,66.0564941255,0.963384503613,-0.0723544349744,25.9503726959,12.5288391113,-0.0738113862683,-1.19602695661
/home/bhaswati/Machine_Learning/16sep2k15/pfd/index114659HR_2353-52_IA_search_DM5.280_ACCEL_50_ACCEL_Cand_59.pfd,91.6148084359,67.0990163991,1.15862162602,0.773589533486,1.12859046459,0.582164466381,-0.221240530478,-1.1691661413
/home/bhaswati/Machine_Learning/16sep2k15/pfd/index6604HR_0101-52_IA_search_DM3.550_ACCEL_50_ACCEL_Cand_4.pfd,95.0814615628,75.6116126608,0.83539190743,-0.470368677675,949.422607422,625.652648926,1.39596634812,1.5768124935
/home/bhaswati/Machine_Learning/16sep2k15/pfd/index3516HR_0225-51_IA_search_DM180.50_ACCEL_50_ACCEL_Cand_16.pfd,93.6267938796,70.9249794479,0.919043345213,-0.129780503799,54.802280426,42.108543396,0.942337667532,-0.237289515401
/home/bhaswati/Machine_Learning/16sep2k15/pfd/index77713HR_0208-51_IA_search_DM220.40_ACCEL_50_ACCEL_Cand_13.pfd,97.2461615381,62.1362801778,0.818704220886,0.0287783885581,18.2445220947,6.22066450119,-0.815568804548,-0.192251756924
/home/bhaswati/Machine_Learning/16sep2k15/pfd/index3615HR_0127-52_IA_search_DM205.10_ACCEL_50_ACCEL_Cand_15.pfd,88.5213370866,71.3719081999,0.949907713479,-0.160633012492,43.379322052,25.7053852081,-0.062735007725,-1.66843929005
/home/bhaswati/Machine_Learning/16sep2k15/pfd/index135137HR_0101-52_IA_search_DM47.700_ACCEL_50_ACCEL_Cand_37.pfd,74.3482198639,85.1976571085,1.40273005611,0.512111006993,0.526250898838,0.300849080086,0.609516637596,0.25044091144
/home/bhaswati/Machine_Learning/16sep2k15/pfd/index5078HR_0052-52_IA_search_DM23.010_ACCEL_50_ACCEL_Cand_8.pfd,102.322588981,70.2989575431,0.83409950951,-0.418032360497,23.6817264557,11.4807214737,0.752263798449,0.30952305278
/home/bhaswati/Machine_Learning/16sep2k15/pfd/index65923HR_0101-52_IA_search_DM3.210_ACCEL_50_ACCEL_Cand_23.pfd,85.8104421567,84.4810184101,0.822267823081,-0.837080451483,1147.95751953,787.177124023,1.29282229504,0.70807299431
/home/bhaswati/Machine_Learning/16sep2k15/pfd/index97719HR_0052-52_IA_search_DM207.00_ACCEL_50_ACCEL_Cand_19.pfd,90.81378926,72.7026769446,0.921370872507,-0.351671396307,172.956115723,85.9159164429,0.319621925893,-1.2674339921
/home/bhaswati/Machine_Learning/16sep2k15/pfd/index133270HR_0110-52_IA_search_DM1.980_ACCEL_50_ACCEL_Cand_70.pfd,71.3517655724,86.3267083895,1.42662145038,0.545513336545,0.811991930008,0.404222875834,0.466177228759,-0.211869591408
/home/bhaswati/Machine_Learning/16sep2k15/pfd/index1524124HR_0145-52_IA_search_DM2.060_ACCEL_50_ACCEL_Cand_124.pfd,79.4233928581,82.4509488045,1.41513812251,0.594152912527,0.46137085557,0.292649567127,1.12165555844,1.29835661619
/home/bhaswati/Machine_Learning/16sep2k15/pfd/index1127HR_0101-52_IA_search_DM467.00_ACCEL_50_ACCEL_Cand_27.pfd,93.0220153012,64.8516040875,0.801329429078,-0.100662648268,36.0562591553,10.9402942657,0.44198716906,-0.567018600772
/home/bhaswati/Machine_Learning/16sep2k15/pfd/index4738HR_2344-52_IA_search_DM164.20_ACCEL_50_ACCEL_Cand_38.pfd,99.8610318465,54.7649630016,0.933374575029,0.787303135202,18.7301216125,13.2235860825,0.301463960763,-1.23837836031
/home/bhaswati/Machine_Learning/16sep2k15/pfd/index55035HR_0259-51_IA_search_DM207.40_ACCEL_50_ACCEL_Cand_35.pfd,86.1542988247,74.3821629746,1.06269297872,-0.251107616359,62.5093650818,14.9897403717,0.0760606379806,-0.895346028681
/home/bhaswati/Machine_Learning/16sep2k15/pfd/index27533HR_0208-51_IA_search_DM8.140_ACCEL_50_ACCEL_Cand_33.pfd,99.013890358,72.129864557,0.85612094829,-0.581047948861,31.553647995,28.9111995697,1.25948744127,0.691559556996
/home/bhaswati/Machine_Learning/16sep2k15/pfd/index56210HR_0110-52_IA_search_DM6.520_ACCEL_50_ACCEL_Cand_10.pfd,96.5552231216,76.7964278817,0.81727353267,-0.624316699977,562.217956543,452.087799072,1.40738082705,0.810379341473
/home/bhaswati/Machine_Learning/16sep2k15/pfd/index3032HR_0119-52_IA_search_DM317.60_ACCEL_50_ACCEL_Cand_32.pfd,109.672765435,62.1377820284,0.80463793022,-0.303313657933,16.0958862305,5.58789539337,0.0839770796494,-1.14606926618
/home/bhaswati/Machine_Learning/16sep2k15/pfd/index78HR_0145-52_IA_search_DM397.20_ACCEL_50_ACCEL_Cand_8.pfd,91.488219965,56.8038184385,0.885647852824,0.480930432638,56.5293502808,59.93699646,1.40852267989,0.840040193652
/home/bhaswati/Machine_Learning/16sep2k15/pfd/index4614HR_2353-52_IA_search_DM26.825_ACCEL_50_ACCEL_Cand_4.pfd,99.0951956024,71.1047052953,0.793098295565,-0.551206177414,18.2275791168,11.9344930649,0.269245296955,-1.49943090932
/home/bhaswati/Machine_Learning/16sep2k15/pfd/index83150HR_0145-52_IA_search_DM3.410_ACCEL_50_ACCEL_Cand_50.pfd,87.9105258538,80.2589560126,0.832107122262,-0.855321471569,27.2878131866,17.8089561462,0.485975664424,-0.893411643337
/home/bhaswati/Machine_Learning/16sep2k15/pfd/index2009HR_2353-52_IA_search_DM18.110_ACCEL_50_ACCEL_Cand_9.pfd,84.5357900644,75.9428548556,0.877226061021,-0.756559036113,53.8099746704,23.2733306885,0.893503769095,0.027507852285
/home/bhaswati/Machine_Learning/16sep2k15/pfd/index1617HR_2344-52_IA_search_DM478.50_ACCEL_50_ACCEL_Cand_17.pfd,92.4737450332,67.8404704064,0.805068063841,-0.481096032549,32.3963050842,12.3281669617,0.450114418701,-1.51355520105
/home/bhaswati/Machine_Learning/16sep2k15/pfd/index3051HR_0127-52_IA_search_DM64.050_ACCEL_50_ACCEL_Cand_51.pfd,99.2448904318,57.6074031336,1.08977888555,0.587036619681,104.284934998,102.029304504,0.860565416155,-0.741613757317
/home/bhaswati/Machine_Learning/16sep2k15/pfd/index72910HR_0110-52_IA_search_DM1.320_ACCEL_50_ACCEL_Cand_10.pfd,97.8838053398,72.9968103152,0.842126383235,-0.481741781512,30.7707328796,17.8790798187,0.168948690785,-1.14576089057
/home/bhaswati/Machine_Learning/16sep2k15/pfd/index2421HR_2353-52_IA_search_DM474.00_ACCEL_50_ACCEL_Cand_21.pfd,96.703642722,55.2696346687,0.798550128167,0.0837279547616,28.7495822906,13.7028417587,0.479082901741,-0.705284170084
/home/bhaswati/Machine_Learning/16sep2k15/pfd/index1584HR_0259-51_IA_search_DM2.530_ACCEL_50_ACCEL_Cand_4.pfd,85.4114694341,82.6738614702,0.830655520451,-0.835657994682,540.725341797,814.104309082,1.96946446032,2.95376891063
