Candidate,Profile Mean,Profile STDEV,Profile Skew,Profile Kurt,DM Mean,DM STDEV,DM Skew,DM Kurt
/home/bhaswati/Machine_Learning/30apr2k15/pfd/index17011HR_1947-43_IA_search_DM33.800_ACCEL_50_ACCEL_Cand_11.pfd,68.0896776512,59.440910332,1.23960134088,0.662169258613,5.2074432373,2.49677610397,0.492908251888,-0.636607869796
/home/bhaswati/Machine_Learning/30apr2k15/pfd/index1462113HR_1947-43_IA_search_DM3.760_ACCEL_50_ACCEL_Cand_113.pfd,109.698521834,65.0054456809,0.681732230299,0.15878646279,2.70554471016,0.752426922321,-0.0825414598823,-1.14596793646
/home/bhaswati/Machine_Learning/30apr2k15/pfd/index1958103HR_1946-50_IA_search_DM7.330_ACCEL_50_ACCEL_Cand_103.pfd,111.348032382,69.4360533317,0.716596245768,-0.340915111966,1.01167857647,0.399199098349,0.101519534241,-0.491004142297
/home/bhaswati/Machine_Learning/30apr2k15/pfd/index3424143HR_1938-50_IA_search_DM3.090_ACCEL_50_ACCEL_Cand_143.pfd,88.6325492057,99.0923595834,0.705972606183,-1.14764492817,1.93312335014,1.05241334438,0.501671151554,-0.810700171202
/home/bhaswati/Machine_Learning/30apr2k15/pfd/index171891HR_1946-50_IA_search_DM5.150_ACCEL_50_ACCEL_Cand_91.pfd,92.4365812591,67.0314529132,1.03353542804,0.352891780708,0.940178453922,0.313455760479,0.297046395254,-0.17550454966
/home/bhaswati/Machine_Learning/30apr2k15/pfd/index140947HR_1946-50_IA_search_DM9.580_ACCEL_50_ACCEL_Cand_47.pfd,100.654832765,61.7958647865,0.698205168406,-0.185454996245,1.53934824467,0.824080228806,1.30510187161,0.837709131529
/home/bhaswati/Machine_Learning/30apr2k15/pfd/index323944HR_1946-50_IA_search_DM48.425_ACCEL_50_ACCEL_Cand_44.pfd,86.9950778346,118.822546006,0.705761434485,-1.5,1.80571579933,2.17538714409,1.9051483863,3.27780990909
/home/bhaswati/Machine_Learning/30apr2k15/pfd/index374555HR_1938-50_IA_search_DM38.200_ACCEL_50_ACCEL_Cand_55.pfd,96.0517341828,113.205507136,0.661888808441,-1.5,1.00608730316,0.644730269909,0.572648804274,0.0356087022963
/home/bhaswati/Machine_Learning/30apr2k15/pfd/index803106HR_1947-43_IA_search_DM8.560_ACCEL_50_ACCEL_Cand_106.pfd,96.9231406512,58.6222401276,0.657950996269,0.0461298107921,0.82076895237,0.172131210566,0.718438947547,-0.108261538321
/home/bhaswati/Machine_Learning/30apr2k15/pfd/index260479HR_1938-50_IA_search_DM15.840_ACCEL_50_ACCEL_Cand_79.pfd,95.84675049,73.6929749068,0.852124393392,-0.311526721487,1.13007318974,0.447108268738,-0.0663849608902,-1.12932757854
/home/bhaswati/Machine_Learning/30apr2k15/pfd/index181734HR_1946-50_IA_search_DM66.900_ACCEL_50_ACCEL_Cand_34.pfd,99.9089672721,64.4747999501,0.687356788197,-0.0570067568528,1.02860987186,0.368722587824,0.168243380033,-0.964363667815
/home/bhaswati/Machine_Learning/30apr2k15/pfd/index341065HR_1938-50_IA_search_DM17.720_ACCEL_50_ACCEL_Cand_65.pfd,79.6726360327,92.4854680206,1.13328020037,-0.226751966609,1.78550004959,0.942830264568,1.31249958794,2.3774741564
/home/bhaswati/Machine_Learning/30apr2k15/pfd/index153930HR_1946-50_IA_search_DM55.050_ACCEL_50_ACCEL_Cand_30.pfd,92.6416043003,58.978860529,0.654971706428,0.18267158528,0.885416924953,0.272094070911,0.852963876581,0.0690577560279
/home/bhaswati/Machine_Learning/30apr2k15/pfd/index7402HR_1938-50_IA_search_DM39.000_ACCEL_50_ACCEL_Cand_2.pfd,95.9191647212,78.0271646345,0.679776139592,-1.03778845638,19.8739547729,11.3541936874,0.565533878621,-1.02512495385
/home/bhaswati/Machine_Learning/30apr2k15/pfd/index280776HR_1946-50_IA_search_DM16.970_ACCEL_50_ACCEL_Cand_76.pfd,90.2746405158,88.2380751986,0.735560267888,-0.606663592734,2.54770183563,2.02420711517,1.00224169362,-0.179071771502
/home/bhaswati/Machine_Learning/30apr2k15/pfd/index261637HR_2141-52_IA_search_DM47.475_ACCEL_50_ACCEL_Cand_37.pfd,92.6287287932,115.193364007,0.686230926075,-1.5,0.702386796474,0.470031708479,0.308413029633,-0.93111231788
/home/bhaswati/Machine_Learning/30apr2k15/pfd/index52319HR_1938-50_IA_search_DM465.00_ACCEL_50_ACCEL_Cand_19.pfd,95.958500667,49.5771923143,0.658963569123,0.665315300566,1.27748560905,0.295197725296,-0.145353490089,-1.09624259157
/home/bhaswati/Machine_Learning/30apr2k15/pfd/index278428HR_1938-50_IA_search_DM36.950_ACCEL_50_ACCEL_Cand_28.pfd,97.4273440296,81.8511545143,0.925517189765,-0.514120592046,1.44031143188,0.902299046516,0.435066217579,-0.751559597432
/home/bhaswati/Machine_Learning/30apr2k15/pfd/index187754HR_2141-52_IA_search_DM1.390_ACCEL_50_ACCEL_Cand_54.pfd,98.0906496022,70.0023195013,0.670848256428,-0.348068822779,2.57574176788,1.79721224308,0.575268405327,-1.0426880846
/home/bhaswati/Machine_Learning/30apr2k15/pfd/index2101140HR_2141-52_IA_search_DM5.250_ACCEL_50_ACCEL_Cand_140.pfd,97.6635152015,82.1113468315,0.694199225194,-0.632786562042,1.20387363434,0.378621011972,0.711565287553,0.130903038386
/home/bhaswati/Machine_Learning/30apr2k15/pfd/index226192HR_1938-50_IA_search_DM46.150_ACCEL_50_ACCEL_Cand_92.pfd,80.1516004987,66.0792500797,1.11882052396,0.974689506755,1.09151530266,0.446353703737,0.659736908898,0.212006136146
/home/bhaswati/Machine_Learning/30apr2k15/pfd/index319HR_1946-50_IA_search_DM321.60_ACCEL_50_ACCEL_Cand_19.pfd,80.0653222874,52.2506150612,1.35897938244,1.59049017855,47.4798927307,52.8124504089,1.47051457365,0.594222063269
/home/bhaswati/Machine_Learning/30apr2k15/pfd/index299275HR_1946-50_IA_search_DM25.670_ACCEL_50_ACCEL_Cand_75.pfd,93.3600909821,89.9366562002,0.851588076244,-0.614952183332,3.46060490608,1.91387653351,1.43452628076,2.22615672453
/home/bhaswati/Machine_Learning/30apr2k15/pfd/index7371HR_1938-50_IA_search_DM151.90_ACCEL_50_ACCEL_Cand_1.pfd,66.9263454363,58.1474036803,1.64044046686,2.56068287973,35.6542320251,10.8078155518,0.811627641537,-0.176477214193
/home/bhaswati/Machine_Learning/30apr2k15/pfd/index1229237HR_1946-50_IA_search_DM10.060_ACCEL_50_ACCEL_Cand_237.pfd,107.481223405,52.8597781532,0.725602994624,0.239883283754,0.836539328098,0.257385879755,1.0008534882,0.301360054144
/home/bhaswati/Machine_Learning/30apr2k15/pfd/index7119HR_1938-50_IA_search_DM36.075_ACCEL_50_ACCEL_Cand_9.pfd,100.945024866,70.4625975668,0.670178788128,-0.962063286432,7.81825399399,5.65941143036,0.711883918693,-0.842216574302
/home/bhaswati/Machine_Learning/30apr2k15/pfd/index208125HR_2141-52_IA_search_DM42.125_ACCEL_50_ACCEL_Cand_25.pfd,90.4171229513,86.6377992301,0.871050039168,-0.595912803597,1.49099516869,0.558565020561,-0.27476832981,-0.362168182686
/home/bhaswati/Machine_Learning/30apr2k15/pfd/index206835HR_2141-52_IA_search_DM41.625_ACCEL_50_ACCEL_Cand_35.pfd,97.4421447477,67.1768334193,0.946328276193,0.404577270339,1.50563645363,0.684559583664,0.578392900683,-0.717086605322
/home/bhaswati/Machine_Learning/30apr2k15/pfd/index315653HR_1946-50_IA_search_DM19.770_ACCEL_50_ACCEL_Cand_53.pfd,93.1291072032,114.892195311,0.683287423191,-1.5,3.33240652084,2.83831334114,0.940750576811,0.578410111305
/home/bhaswati/Machine_Learning/30apr2k15/pfd/index26945HR_1954-50_IA_search_DM11.730_ACCEL_50_ACCEL_Cand_45.pfd,104.049560742,73.6518499628,0.71887044622,-0.742602007035,9.01545333862,6.25290060043,-0.0314413853585,-1.74018986664
/home/bhaswati/Machine_Learning/30apr2k15/pfd/index237739HR_2141-52_IA_search_DM21.220_ACCEL_50_ACCEL_Cand_39.pfd,86.1301034036,101.504868421,0.750108509677,-1.28016631903,4.00951290131,2.42656564713,0.319818791158,-1.07470199715
/home/bhaswati/Machine_Learning/30apr2k15/pfd/index645127HR_2141-52_IA_search_DM11.780_ACCEL_50_ACCEL_Cand_127.pfd,90.4545863083,73.0374453556,0.738453009053,-0.647948238182,9.9903421402,6.0215883255,1.30141297671,0.758781285491
/home/bhaswati/Machine_Learning/30apr2k15/pfd/index254064HR_1946-50_IA_search_DM9.030_ACCEL_50_ACCEL_Cand_64.pfd,90.9862155093,72.8610174464,1.03012289072,0.263921990461,1.99494755268,1.01112377644,0.752319501449,0.280202418685
/home/bhaswati/Machine_Learning/30apr2k15/pfd/index184854HR_2141-52_IA_search_DM1.250_ACCEL_50_ACCEL_Cand_54.pfd,92.0083491424,74.4581267477,0.799297946454,-0.496439456675,6.2843132019,4.13586854935,0.643308901462,-1.02709502423
/home/bhaswati/Machine_Learning/30apr2k15/pfd/index217845HR_1946-50_IA_search_DM18.050_ACCEL_50_ACCEL_Cand_45.pfd,80.0343944201,71.5425945024,1.17981368271,0.575565556604,0.703419029713,0.24281090498,0.171349009994,-0.798563395039
/home/bhaswati/Machine_Learning/30apr2k15/pfd/index80129HR_1946-50_IA_search_DM251.80_ACCEL_50_ACCEL_Cand_29.pfd,93.5920280466,48.2651634272,0.801355507462,1.09045887234,0.903959751129,0.134578943253,0.44403877854,0.623720673037
/home/bhaswati/Machine_Learning/30apr2k15/pfd/index2586HR_1954-50_IA_search_DM4.520_ACCEL_50_ACCEL_Cand_6.pfd,95.8938526801,82.8760097453,0.703610417626,-1.05124271725,112.71546936,79.9111785889,0.308121069099,-1.22764274871
/home/bhaswati/Machine_Learning/30apr2k15/pfd/index258975HR_1946-50_IA_search_DM7.330_ACCEL_50_ACCEL_Cand_75.pfd,98.079362608,89.5540343943,0.675801798094,-1.14569538355,2.9985768795,1.2623308897,0.379160361676,-0.889620496772
/home/bhaswati/Machine_Learning/30apr2k15/pfd/index253056HR_1946-50_IA_search_DM14.600_ACCEL_50_ACCEL_Cand_56.pfd,98.1303791774,91.2153024351,0.690478946124,-1.08855859704,3.22665524483,2.0148961544,0.777945602012,-0.519093846901
/home/bhaswati/Machine_Learning/30apr2k15/pfd/index300853HR_1938-50_IA_search_DM22.900_ACCEL_50_ACCEL_Cand_53.pfd,84.3335787536,85.9976580982,1.0406000395,-0.172426180709,1.55654001236,1.16927409172,0.998289633719,0.223994267943
/home/bhaswati/Machine_Learning/30apr2k15/pfd/index252497HR_1946-50_IA_search_DM7.770_ACCEL_50_ACCEL_Cand_97.pfd,90.8461925069,84.3524661209,0.706493130752,-0.848080753129,2.7272195816,0.77502143383,0.184588699456,-0.16063541282
/home/bhaswati/Machine_Learning/30apr2k15/pfd/index246079HR_1938-50_IA_search_DM42.550_ACCEL_50_ACCEL_Cand_79.pfd,108.171627052,78.5722132813,0.75047763863,-0.692814413574,1.61828231812,0.788838744164,0.345653417435,-1.05698982412
/home/bhaswati/Machine_Learning/30apr2k15/pfd/index282842HR_1946-50_IA_search_DM21.420_ACCEL_50_ACCEL_Cand_42.pfd,92.4149998027,83.0692247217,0.924339921736,-0.210238721872,7.1930809021,4.42499160767,0.271196668938,-0.916067640422
/home/bhaswati/Machine_Learning/30apr2k15/pfd/index256618HR_1938-50_IA_search_DM42.850_ACCEL_50_ACCEL_Cand_18.pfd,85.2637642124,70.9006046476,1.03850170425,0.405546163567,1.54564869404,0.602853357792,0.744280650431,-0.11373329398
/home/bhaswati/Machine_Learning/30apr2k15/pfd/index64031HR_2141-52_IA_search_DM38.475_ACCEL_50_ACCEL_Cand_31.pfd,104.443672134,56.8537209845,0.661222199813,-0.0177555297697,3.38249444962,1.21699750423,-0.101438714997,-1.49927116183
/home/bhaswati/Machine_Learning/30apr2k15/pfd/index130022HR_2141-52_IA_search_DM13.360_ACCEL_50_ACCEL_Cand_22.pfd,93.2116592794,58.4145239536,0.937297941126,0.231664379896,4.07415819168,1.36333930492,0.667133940077,0.265186012744
/home/bhaswati/Machine_Learning/30apr2k15/pfd/index352064HR_1938-50_IA_search_DM15.170_ACCEL_50_ACCEL_Cand_64.pfd,90.5875324911,102.094253422,0.748779684951,-1.06890463857,1.30747497082,0.974963665009,1.35265580675,2.8778551316
/home/bhaswati/Machine_Learning/30apr2k15/pfd/index262334HR_2141-52_IA_search_DM29.925_ACCEL_50_ACCEL_Cand_34.pfd,92.4295280323,115.314248938,0.687345484701,-1.5,0.645599126816,0.483969599009,0.607627732364,-0.613252604501
/home/bhaswati/Machine_Learning/30apr2k15/pfd/index338355HR_1938-50_IA_search_DM39.050_ACCEL_50_ACCEL_Cand_55.pfd,98.8368606173,84.3624771499,0.932865502882,-0.269573956046,1.05056464672,0.599507391453,0.715084204796,-0.195844354202
/home/bhaswati/Machine_Learning/30apr2k15/pfd/index4736HR_1938-50_IA_search_DM416.50_ACCEL_50_ACCEL_Cand_6.pfd,88.6636808541,55.9489821818,0.847948766906,0.64614791288,1.11120676994,0.191214516759,0.160767468368,0.114993787783
/home/bhaswati/Machine_Learning/30apr2k15/pfd/index565155HR_1946-50_IA_search_DM11.860_ACCEL_50_ACCEL_Cand_155.pfd,95.2306606237,45.2853037425,0.855237192539,1.27060990301,1.02006387711,0.15846067667,-0.0272178343908,-0.593242302488
/home/bhaswati/Machine_Learning/30apr2k15/pfd/index102161HR_1946-50_IA_search_DM24.900_ACCEL_50_ACCEL_Cand_61.pfd,89.7452212675,60.6741947316,0.706508220339,0.132374072518,0.878939270973,0.243289783597,1.66182006634,3.06956576665
/home/bhaswati/Machine_Learning/30apr2k15/pfd/index1377118HR_1947-43_IA_search_DM3.460_ACCEL_50_ACCEL_Cand_118.pfd,85.996908797,58.0381102067,1.20775976577,1.2450127629,2.50747966766,0.894482731819,0.966855840237,-0.1520886547
/home/bhaswati/Machine_Learning/30apr2k15/pfd/index3772HR_1947-43_IA_search_DM3.110_ACCEL_50_ACCEL_Cand_2.pfd,105.917546183,77.0463220112,0.664426755437,-1.03609178649,100.745788574,64.2781829834,0.734479361969,-0.762836418192
/home/bhaswati/Machine_Learning/30apr2k15/pfd/index159899HR_1947-43_IA_search_DM4.100_ACCEL_50_ACCEL_Cand_99.pfd,98.7100118104,87.1235795355,0.818216292237,-0.571564802211,1.09961664677,0.754049479961,0.395035864015,-1.11492074502
/home/bhaswati/Machine_Learning/30apr2k15/pfd/index87312HR_2141-52_IA_search_DM262.40_ACCEL_50_ACCEL_Cand_12.pfd,91.1930480511,48.938029041,0.70284813895,0.442815092005,1.1713398695,0.225312024355,-0.285285073001,-0.611771249084
/home/bhaswati/Machine_Learning/30apr2k15/pfd/index163747HR_2141-52_IA_search_DM3.880_ACCEL_50_ACCEL_Cand_47.pfd,107.407891697,62.4012711658,0.852481865569,0.405725073919,3.48088407516,1.21972465515,1.12974141559,0.41802154039
/home/bhaswati/Machine_Learning/30apr2k15/pfd/index1353171HR_1947-43_IA_search_DM3.360_ACCEL_50_ACCEL_Cand_171.pfd,73.8109147967,52.6847751572,1.25577695111,1.98745829316,0.999357998371,0.356860846281,0.465283370641,-1.23698802264
/home/bhaswati/Machine_Learning/30apr2k15/pfd/index39365HR_1946-50_IA_search_DM499.50_ACCEL_50_ACCEL_Cand_65.pfd,87.2215926885,57.7980266407,0.77361625437,0.226380527796,1.18860924244,0.224636510015,0.13034980957,-0.59103088
/home/bhaswati/Machine_Learning/30apr2k15/pfd/index17899HR_2141-52_IA_search_DM88.250_ACCEL_50_ACCEL_Cand_9.pfd,105.220266391,59.3874654831,1.05671837236,1.00854275737,1.03568410873,0.445633918047,0.857452421835,-0.429925286465
/home/bhaswati/Machine_Learning/30apr2k15/pfd/index85013HR_1938-50_IA_search_DM7.880_ACCEL_50_ACCEL_Cand_13.pfd,89.5050922537,83.0449895991,0.767223323239,-0.95187284124,40.7877998352,20.5080738068,0.411763862736,-1.33942450016
/home/bhaswati/Machine_Learning/30apr2k15/pfd/index1398143HR_1947-43_IA_search_DM3.270_ACCEL_50_ACCEL_Cand_143.pfd,82.2982114896,69.2446477593,0.899189027298,-0.225754199378,1.29151046276,0.344778478146,-0.411810240166,-0.618151121802
/home/bhaswati/Machine_Learning/30apr2k15/pfd/index229587HR_2141-52_IA_search_DM1.980_ACCEL_50_ACCEL_Cand_87.pfd,96.850781305,81.7109674711,0.83332315378,-0.248954575444,0.631051599979,0.335541635752,0.55882807815,0.0701465215284
/home/bhaswati/Machine_Learning/30apr2k15/pfd/index316346HR_1938-50_IA_search_DM32.925_ACCEL_50_ACCEL_Cand_46.pfd,80.3599005422,82.0768783481,1.40035741597,0.599625097884,2.81334877014,1.72633612156,1.2657215952,1.08990412482
/home/bhaswati/Machine_Learning/30apr2k15/pfd/index271727HR_1938-50_IA_search_DM46.325_ACCEL_50_ACCEL_Cand_27.pfd,92.1607788773,92.5272762799,0.916381403891,-0.765369484037,1.01856124401,0.642219901085,1.20887914528,0.884392061323
/home/bhaswati/Machine_Learning/30apr2k15/pfd/index54255HR_1946-50_IA_search_DM480.00_ACCEL_50_ACCEL_Cand_55.pfd,96.4348480723,43.2112764413,0.670905253896,1.57953073893,1.55421996117,0.457564681768,0.409567607691,-0.717078452762
/home/bhaswati/Machine_Learning/30apr2k15/pfd/index21819HR_1946-50_IA_search_DM22.820_ACCEL_50_ACCEL_Cand_19.pfd,111.676433081,60.6451003234,0.693643928177,-0.357413078153,10.9987277985,5.28429603577,0.555781805873,-0.861409237311
/home/bhaswati/Machine_Learning/30apr2k15/pfd/index10733HR_1946-50_IA_search_DM429.50_ACCEL_50_ACCEL_Cand_33.pfd,100.343396319,53.2930249555,0.773561435266,0.467316869208,2.32023692131,0.664517819881,-0.16451741852,-0.852439806146
/home/bhaswati/Machine_Learning/30apr2k15/pfd/index78535HR_1954-50_IA_search_DM32.300_ACCEL_50_ACCEL_Cand_35.pfd,96.1352641945,66.4383173542,0.772413348631,-0.372805853653,2.49442410469,1.40591239929,0.812409566516,-0.702278197174
/home/bhaswati/Machine_Learning/30apr2k15/pfd/index184236HR_2141-52_IA_search_DM12.010_ACCEL_50_ACCEL_Cand_36.pfd,82.9845315098,80.3300713122,0.864686805974,-0.587003874493,4.44330453873,2.58460712433,0.443223350037,-1.12990283673
/home/bhaswati/Machine_Learning/30apr2k15/pfd/index145760HR_2141-52_IA_search_DM12.960_ACCEL_50_ACCEL_Cand_60.pfd,102.637457179,54.9415002058,0.820058988716,0.424735976583,1.42997813225,0.520246565342,1.11599360478,1.14316498585
/home/bhaswati/Machine_Learning/30apr2k15/pfd/index6279HR_2141-52_IA_search_DM345.00_ACCEL_50_ACCEL_Cand_9.pfd,94.92409981,52.8706008104,0.692335608932,0.571710280306,1.11023461819,0.282479763031,0.421058797621,-0.694367937965
/home/bhaswati/Machine_Learning/30apr2k15/pfd/index222879HR_2141-52_IA_search_DM9.030_ACCEL_50_ACCEL_Cand_79.pfd,77.1960505473,73.2994558569,1.34139002594,1.11860462954,0.784386575222,0.377538561821,0.555530839924,-0.734486921286
/home/bhaswati/Machine_Learning/30apr2k15/pfd/index219057HR_2141-52_IA_search_DM8.710_ACCEL_50_ACCEL_Cand_57.pfd,69.7075342532,83.2278660881,1.23523017427,0.137980522452,0.847710967064,0.44706094265,0.885959325092,0.182377122576
/home/bhaswati/Machine_Learning/30apr2k15/pfd/index271123HR_2141-52_IA_search_DM41.325_ACCEL_50_ACCEL_Cand_23.pfd,96.4161879618,113.00401206,0.658705805664,-1.5,1.24802148342,0.892469704151,0.380740574728,-0.771225192691
/home/bhaswati/Machine_Learning/30apr2k15/pfd/index301896HR_1938-50_IA_search_DM47.575_ACCEL_50_ACCEL_Cand_96.pfd,86.1165372517,82.8273134208,1.15457545898,0.119207943911,1.22727024555,0.65774089098,0.387696195257,-0.418299789206
/home/bhaswati/Machine_Learning/30apr2k15/pfd/index71254HR_1954-50_IA_search_DM22.140_ACCEL_50_ACCEL_Cand_54.pfd,97.7076025652,52.9233694613,0.996778399135,0.740001484239,0.961316287518,0.299371808767,0.774541428049,0.0400471747271
/home/bhaswati/Machine_Learning/30apr2k15/pfd/index140412HR_1947-43_IA_search_DM209.10_ACCEL_50_ACCEL_Cand_12.pfd,106.729855069,57.3354218753,0.804746045523,0.561222565319,0.707704782486,0.136819154024,0.248464544543,-0.211792215883
/home/bhaswati/Machine_Learning/30apr2k15/pfd/index97628HR_2141-52_IA_search_DM256.40_ACCEL_50_ACCEL_Cand_28.pfd,92.4262742664,46.53332951,0.77721216459,1.21047982715,0.938077926636,0.177495241165,-0.0597285533621,-0.551306507014
/home/bhaswati/Machine_Learning/30apr2k15/pfd/index264739HR_2141-52_IA_search_DM31.275_ACCEL_50_ACCEL_Cand_39.pfd,96.9681502734,112.702651679,0.653663814069,-1.5,1.31816482544,1.1623352766,1.17842471913,1.01889974688
/home/bhaswati/Machine_Learning/30apr2k15/pfd/index85217HR_1938-50_IA_search_DM8.180_ACCEL_50_ACCEL_Cand_17.pfd,90.8584453879,83.7749587288,0.719905531333,-1.00235127502,37.9068908691,22.1793498993,0.642036719687,-0.857321004764
/home/bhaswati/Machine_Learning/30apr2k15/pfd/index1054HR_2141-52_IA_search_DM150.30_ACCEL_50_ACCEL_Cand_4.pfd,99.6325424572,69.6983452385,0.713549532182,-0.526693787154,4.9575548172,3.10058403015,1.35025383418,1.87915568044
/home/bhaswati/Machine_Learning/30apr2k15/pfd/index58417HR_1947-43_IA_search_DM23.040_ACCEL_50_ACCEL_Cand_17.pfd,91.5144952254,71.1888414408,0.696388552819,-0.56033229918,15.6427822113,13.3698034286,0.894372919126,-0.641648453342
/home/bhaswati/Machine_Learning/30apr2k15/pfd/index52819HR_1947-43_IA_search_DM24.710_ACCEL_50_ACCEL_Cand_19.pfd,103.773568484,70.9903090692,0.686424347286,-0.530321234831,9.03304576874,5.86425971985,0.920998334119,-0.60199312558
/home/bhaswati/Machine_Learning/30apr2k15/pfd/index160213HR_2141-52_IA_search_DM28.500_ACCEL_50_ACCEL_Cand_13.pfd,91.5444230805,62.6648937595,0.820987902013,0.410193604322,5.94585132599,2.4242913723,0.731019742898,-0.605111747114
/home/bhaswati/Machine_Learning/30apr2k15/pfd/index50828HR_1947-43_IA_search_DM32.175_ACCEL_50_ACCEL_Cand_28.pfd,94.3025010312,59.7202731924,0.722227050907,-0.113514975816,3.05383658409,1.18628931046,0.732244779869,-0.420209363514
/home/bhaswati/Machine_Learning/30apr2k15/pfd/index267720HR_2141-52_IA_search_DM42.050_ACCEL_50_ACCEL_Cand_20.pfd,87.5362976383,118.455455817,0.704919248269,-1.5,1.48044192791,1.05670976639,0.417024646106,-1.02566390682
/home/bhaswati/Machine_Learning/30apr2k15/pfd/index92314HR_1938-50_IA_search_DM247.90_ACCEL_50_ACCEL_Cand_14.pfd,97.6707636302,45.3205380923,0.698999714083,1.27163538095,1.02665567398,0.14507342875,0.285410825876,0.173697577826
/home/bhaswati/Machine_Learning/30apr2k15/pfd/index235461HR_2141-52_IA_search_DM21.380_ACCEL_50_ACCEL_Cand_61.pfd,87.382876246,88.1020350063,0.857232312405,-0.487575358434,2.38026952744,1.55905330181,0.517425857833,-0.794122720042
/home/bhaswati/Machine_Learning/30apr2k15/pfd/index2930112HR_1946-50_IA_search_DM7.420_ACCEL_50_ACCEL_Cand_112.pfd,94.1532184422,98.6524029724,0.690990243021,-1.32115877546,3.26675128937,1.59844064713,0.228247334165,-0.990354881208
/home/bhaswati/Machine_Learning/30apr2k15/pfd/index17710HR_1947-43_IA_search_DM37.675_ACCEL_50_ACCEL_Cand_10.pfd,95.7960459434,69.8380636476,0.803552524159,-0.637563406004,22.7615509033,17.6792049408,1.01133848504,-0.432274320276
/home/bhaswati/Machine_Learning/30apr2k15/pfd/index1974170HR_2141-52_IA_search_DM5.330_ACCEL_50_ACCEL_Cand_170.pfd,93.8528643835,71.663038792,0.758095315942,-0.266715048495,0.522649943829,0.200340211391,0.0820689945028,-0.514418342546
/home/bhaswati/Machine_Learning/30apr2k15/pfd/index212552HR_1946-50_IA_search_DM14.980_ACCEL_50_ACCEL_Cand_52.pfd,98.7358071705,82.0034149993,0.666338809284,-0.915818498344,2.01007342339,0.91971629858,-0.40293869185,-0.866519026341
/home/bhaswati/Machine_Learning/30apr2k15/pfd/index268736HR_2141-52_IA_search_DM37.900_ACCEL_50_ACCEL_Cand_36.pfd,87.5773291728,118.427780913,0.704846862708,-1.5,0.809762477875,0.651634395123,0.942183409089,0.435354700064
/home/bhaswati/Machine_Learning/30apr2k15/pfd/index3509132HR_1938-50_IA_search_DM10.120_ACCEL_50_ACCEL_Cand_132.pfd,85.3647407236,99.6257945531,1.03627702902,-0.745432313871,0.882155776024,0.669461905956,1.14044072163,0.515324317314
/home/bhaswati/Machine_Learning/30apr2k15/pfd/index183680HR_2141-52_IA_search_DM1.260_ACCEL_50_ACCEL_Cand_80.pfd,67.263335589,75.3068123214,1.35081816669,0.366221403303,4.59948205948,1.93373692036,0.930921632477,-0.350965176462
/home/bhaswati/Machine_Learning/30apr2k15/pfd/index318042HR_1938-50_IA_search_DM32.050_ACCEL_50_ACCEL_Cand_42.pfd,90.2983852436,90.6304667126,0.689233817201,-0.853346369047,4.35152482986,3.01323127747,1.37147209882,1.85261977055
/home/bhaswati/Machine_Learning/30apr2k15/pfd/index736HR_1947-43_IA_search_DM499.50_ACCEL_50_ACCEL_Cand_36.pfd,91.0467715993,56.1206667202,0.961255675399,0.693309438576,5.52047252655,1.62640988827,0.606289789765,-0.791478018984
/home/bhaswati/Machine_Learning/30apr2k15/pfd/index248935HR_1938-50_IA_search_DM42.675_ACCEL_50_ACCEL_Cand_35.pfd,87.7865367096,80.4915161128,1.12585855178,0.0515757364526,1.16594088078,0.723443984985,1.43403939014,1.13969799893
/home/bhaswati/Machine_Learning/30apr2k15/pfd/index2502101HR_1946-50_IA_search_DM7.290_ACCEL_50_ACCEL_Cand_101.pfd,97.5367399794,85.5530204574,0.733382209087,-0.752746343247,0.642918467522,0.204211756587,0.186626409771,-0.38361397037
/home/bhaswati/Machine_Learning/30apr2k15/pfd/index3003137HR_1938-50_IA_search_DM2.570_ACCEL_50_ACCEL_Cand_137.pfd,90.0215397329,85.7650978495,0.928415629105,-0.630949633203,1.09116125107,0.763280749321,0.446520048266,-1.13985918917
/home/bhaswati/Machine_Learning/30apr2k15/pfd/index185871HR_1938-50_IA_search_DM17.640_ACCEL_50_ACCEL_Cand_71.pfd,84.6175692111,65.6146184519,0.91720953436,-0.0277455781913,1.68624842167,0.741660296917,0.54075093976,-0.620492424435
/home/bhaswati/Machine_Learning/30apr2k15/pfd/index83322HR_1954-50_IA_search_DM68.900_ACCEL_50_ACCEL_Cand_22.pfd,82.6684261781,69.7345700796,0.912471430254,-0.0881046150062,2.60041260719,1.16371893883,0.0960477755322,-1.22401907493
/home/bhaswati/Machine_Learning/30apr2k15/pfd/index270137HR_2141-52_IA_search_DM34.450_ACCEL_50_ACCEL_Cand_37.pfd,89.1503577096,117.383517274,0.701144588799,-1.5,0.307948350906,0.37813526392,2.5493222839,6.59353112817
/home/bhaswati/Machine_Learning/30apr2k15/pfd/index1774171HR_1938-50_IA_search_DM5.440_ACCEL_50_ACCEL_Cand_171.pfd,86.1052264602,67.4129260093,0.909695480829,0.235618426691,1.33825719357,0.696328878403,1.0921044117,0.196722526832
/home/bhaswati/Machine_Learning/30apr2k15/pfd/index189092HR_2141-52_IA_search_DM10.060_ACCEL_50_ACCEL_Cand_92.pfd,100.377536192,72.9781822983,0.820252158234,0.0768650795811,1.18596124649,0.282133251429,0.13503534059,-0.896108587941
/home/bhaswati/Machine_Learning/30apr2k15/pfd/index189225HR_2141-52_IA_search_DM19.310_ACCEL_50_ACCEL_Cand_25.pfd,91.8927851812,69.1506099753,0.783395043849,-0.210654744619,1.66611635685,0.602915644646,-0.170604434338,-0.77633374011
/home/bhaswati/Machine_Learning/30apr2k15/pfd/index276122HR_1946-50_IA_search_DM47.450_ACCEL_50_ACCEL_Cand_22.pfd,91.9378571489,85.3274752964,0.839141467497,-0.423869061695,0.9799888134,0.614307522774,0.640372864237,-0.580999287245
/home/bhaswati/Machine_Learning/30apr2k15/pfd/index236450HR_2141-52_IA_search_DM7.350_ACCEL_50_ACCEL_Cand_50.pfd,99.7844935004,86.4802467587,0.698467618386,-0.851634460261,4.87336778641,1.98499166965,0.257030174621,-0.89503414709
/home/bhaswati/Machine_Learning/30apr2k15/pfd/index119313HR_2141-52_IA_search_DM262.00_ACCEL_50_ACCEL_Cand_13.pfd,89.1071106943,51.7624079896,0.76290891214,0.477537400497,0.985555887222,0.240286275744,0.59384137476,-0.557712197553
/home/bhaswati/Machine_Learning/30apr2k15/pfd/index326856HR_1946-50_IA_search_DM23.180_ACCEL_50_ACCEL_Cand_56.pfd,90.1215137793,116.755310219,0.697933826891,-1.5,2.70194339752,1.98536634445,0.289266874677,-1.1960025707
/home/bhaswati/Machine_Learning/30apr2k15/pfd/index240929HR_2141-52_IA_search_DM32.700_ACCEL_50_ACCEL_Cand_29.pfd,90.0589391549,108.166112663,0.707669175036,-1.45869931783,2.17675375938,1.36750125885,0.465404090196,-0.600009897042
/home/bhaswati/Machine_Learning/30apr2k15/pfd/index21210HR_1938-50_IA_search_DM32.450_ACCEL_50_ACCEL_Cand_10.pfd,114.185994354,60.1643397008,0.774892603034,-0.134720742712,6.99245071411,4.10668897629,0.774797019926,-0.0875707136238
/home/bhaswati/Machine_Learning/30apr2k15/pfd/index250021HR_1938-50_IA_search_DM49.450_ACCEL_50_ACCEL_Cand_21.pfd,103.854725664,81.4410449228,0.729814782646,-0.561992353644,0.998055279255,0.578834831715,0.320511887671,-1.28500663509
/home/bhaswati/Machine_Learning/30apr2k15/pfd/index201074HR_2141-52_IA_search_DM5.190_ACCEL_50_ACCEL_Cand_74.pfd,72.1170808812,66.6318915909,1.65718370624,2.39898632986,0.720706999302,0.186982795596,0.364821413106,0.390402669309
/home/bhaswati/Machine_Learning/30apr2k15/pfd/index270325HR_1938-50_IA_search_DM37.100_ACCEL_50_ACCEL_Cand_25.pfd,49.9493026684,76.8784826256,2.03518751765,2.6838300246,0.75229036808,0.319398224354,1.53410157198,3.84122932007
/home/bhaswati/Machine_Learning/30apr2k15/pfd/index1031HR_1947-43_IA_search_DM170.80_ACCEL_50_ACCEL_Cand_1.pfd,93.1767769866,77.7830042285,0.701453851626,-0.86345153316,94.2969207764,57.1026153564,1.17403685232,0.369156803444
/home/bhaswati/Machine_Learning/30apr2k15/pfd/index235750HR_2141-52_IA_search_DM14.870_ACCEL_50_ACCEL_Cand_50.pfd,88.2887379566,79.7897241816,1.26812859787,0.437019985455,1.59745371342,0.883306562901,0.206027677021,-0.371566488792
/home/bhaswati/Machine_Learning/30apr2k15/pfd/index99418HR_1947-43_IA_search_DM43.725_ACCEL_50_ACCEL_Cand_18.pfd,86.3647816209,50.8803809045,0.896833072712,0.804399480009,2.34484267235,0.396985292435,-0.257524099523,-0.625067160042
/home/bhaswati/Machine_Learning/30apr2k15/pfd/index1852115HR_2141-52_IA_search_DM5.740_ACCEL_50_ACCEL_Cand_115.pfd,87.6325844315,63.547099793,1.50933590184,1.81746707799,1.16810071468,0.489967495203,-0.0340305612036,-1.15944071041
/home/bhaswati/Machine_Learning/30apr2k15/pfd/index100923HR_2141-52_IA_search_DM46.775_ACCEL_50_ACCEL_Cand_23.pfd,93.4365613101,55.3519626492,0.780283908521,0.159410195629,1.27341485023,0.34829890728,0.822936798742,0.364303079956
/home/bhaswati/Machine_Learning/30apr2k15/pfd/index351190HR_1938-50_IA_search_DM15.020_ACCEL_50_ACCEL_Cand_90.pfd,92.7059161732,97.3987664954,0.901547667789,-0.847010130706,1.1122559309,0.686364769936,0.648019321699,-0.278962837934
/home/bhaswati/Machine_Learning/30apr2k15/pfd/index94324HR_1946-50_IA_search_DM220.30_ACCEL_50_ACCEL_Cand_24.pfd,95.5374795769,55.1516473352,0.708886357082,0.197828713056,1.01123082638,0.148639112711,0.250092013176,-0.0469828486073
/home/bhaswati/Machine_Learning/30apr2k15/pfd/index122738HR_1947-43_IA_search_DM22.170_ACCEL_50_ACCEL_Cand_38.pfd,89.9692938105,57.3344705189,0.801388189208,0.163712223122,1.31899225712,0.495870232582,0.813688503395,-0.0793521045587
/home/bhaswati/Machine_Learning/30apr2k15/pfd/index271440HR_1938-50_IA_search_DM29.125_ACCEL_50_ACCEL_Cand_40.pfd,91.8812012827,85.5693891057,0.798665807557,-0.856778977344,1.36775481701,0.536060571671,0.147564589167,-0.881291807001
/home/bhaswati/Machine_Learning/30apr2k15/pfd/index200120HR_1938-50_IA_search_DM191.60_ACCEL_50_ACCEL_Cand_20.pfd,91.8686172285,59.64113313,0.973442355191,0.514917722059,1.06662321091,0.354475796223,-0.238485355353,-0.928587916711
/home/bhaswati/Machine_Learning/30apr2k15/pfd/index241534HR_2141-52_IA_search_DM47.900_ACCEL_50_ACCEL_Cand_34.pfd,99.9239747371,85.6606366952,0.656584186085,-0.758667130784,1.10263025761,0.530175805092,0.637008960147,-0.0661011645133
/home/bhaswati/Machine_Learning/30apr2k15/pfd/index81810HR_1938-50_IA_search_DM32.650_ACCEL_50_ACCEL_Cand_10.pfd,97.3946480066,66.7619609037,0.729457812172,-0.247712523904,6.28445720673,3.89233231544,0.405805959891,-1.40779473534
/home/bhaswati/Machine_Learning/30apr2k15/pfd/index27921HR_2141-52_IA_search_DM210.40_ACCEL_50_ACCEL_Cand_21.pfd,101.932302143,39.1081736712,0.660402296639,2.45741855802,1.10824465752,0.174324646592,-0.336236957572,-0.124503009287
/home/bhaswati/Machine_Learning/30apr2k15/pfd/index2116233HR_1938-50_IA_search_DM2.090_ACCEL_50_ACCEL_Cand_233.pfd,86.0762708556,59.1533617383,0.958926093528,1.36451927775,0.668291985989,0.228863045573,0.438344217861,-0.693382436032
/home/bhaswati/Machine_Learning/30apr2k15/pfd/index72343HR_1954-50_IA_search_DM19.450_ACCEL_50_ACCEL_Cand_43.pfd,95.2740038515,60.456533333,0.857818420099,-0.21188747719,1.6698281765,0.379649549723,-0.00145888888862,-0.73839099722
/home/bhaswati/Machine_Learning/30apr2k15/pfd/index303341HR_1946-50_IA_search_DM43.625_ACCEL_50_ACCEL_Cand_41.pfd,87.1723618124,87.9845446153,1.15574646446,-0.139352521218,0.671181082726,0.49873393774,1.42868102208,2.73828031065
/home/bhaswati/Machine_Learning/30apr2k15/pfd/index353048HR_1938-50_IA_search_DM39.375_ACCEL_50_ACCEL_Cand_48.pfd,94.0809466897,101.617939609,0.673288138211,-1.14846322965,1.6947851181,1.10167193413,0.627908799199,-0.296188794571
/home/bhaswati/Machine_Learning/30apr2k15/pfd/index104617HR_1938-50_IA_search_DM241.30_ACCEL_50_ACCEL_Cand_17.pfd,102.799387103,55.6792225067,0.723407859029,0.40894788228,0.985100090504,0.165788531303,-0.016361407609,-0.734076361153
/home/bhaswati/Machine_Learning/30apr2k15/pfd/index80878HR_1954-50_IA_search_DM8.950_ACCEL_50_ACCEL_Cand_78.pfd,100.258068075,64.9402183986,0.727283942668,-0.0610104477895,1.48474895954,0.653896987438,0.601550965064,-0.354958336754
/home/bhaswati/Machine_Learning/30apr2k15/pfd/index16040HR_1946-50_IA_search_DM433.00_ACCEL_50_ACCEL_Cand_40.pfd,92.3479520874,51.4487981692,0.858241173027,1.50745302261,1.07448601723,0.176164269447,0.357484208043,-0.00410808232809
/home/bhaswati/Machine_Learning/30apr2k15/pfd/index209622HR_2141-52_IA_search_DM42.625_ACCEL_50_ACCEL_Cand_22.pfd,93.1391387486,81.4959328748,0.781117593352,-0.480676814099,1.50330173969,0.965800046921,0.291473789308,-1.31068035482
/home/bhaswati/Machine_Learning/30apr2k15/pfd/index136868HR_1938-50_IA_search_DM7.710_ACCEL_50_ACCEL_Cand_68.pfd,98.6210076589,58.0982289827,0.843520927606,-0.0147428848783,1.61315000057,0.569023549557,0.479629020141,-0.908866323307
/home/bhaswati/Machine_Learning/30apr2k15/pfd/index236172HR_2141-52_IA_search_DM8.330_ACCEL_50_ACCEL_Cand_72.pfd,90.572173305,98.754455465,0.73182422497,-1.27073355974,2.98451972008,1.6672296524,0.538158185543,-0.123549549866
/home/bhaswati/Machine_Learning/30apr2k15/pfd/index81415HR_2141-52_IA_search_DM254.00_ACCEL_50_ACCEL_Cand_15.pfd,90.9580806935,48.6536184785,0.817414442289,1.07539871366,0.997770369053,0.210280060768,0.193817752431,-0.468228708952
/home/bhaswati/Machine_Learning/30apr2k15/pfd/index174181HR_2141-52_IA_search_DM4.180_ACCEL_50_ACCEL_Cand_81.pfd,89.7761131184,74.7598250206,1.0543907527,-0.165343244914,3.4543094635,1.06476902962,0.570586039567,0.498672838238
/home/bhaswati/Machine_Learning/30apr2k15/pfd/index232260HR_1946-50_IA_search_DM21.080_ACCEL_50_ACCEL_Cand_60.pfd,92.5448639277,68.6610827266,1.06531841449,0.610012178823,1.31801462173,0.988160610199,1.64974131623,2.4039557298
/home/bhaswati/Machine_Learning/30apr2k15/pfd/index2974155HR_1938-50_IA_search_DM8.450_ACCEL_50_ACCEL_Cand_155.pfd,103.858458631,85.8214507186,0.744619391522,-0.843356242959,3.81558084488,1.15698218346,0.379305542512,-0.814822534638
/home/bhaswati/Machine_Learning/30apr2k15/pfd/index226528HR_1946-50_IA_search_DM41.800_ACCEL_50_ACCEL_Cand_28.pfd,95.6303202085,78.9952228818,0.675349681716,-0.655511235222,1.43652939796,0.781474471092,0.714738950732,-0.625521403352
/home/bhaswati/Machine_Learning/30apr2k15/pfd/index7332HR_1938-50_IA_search_DM81.500_ACCEL_50_ACCEL_Cand_2.pfd,101.510371875,54.4125751352,0.895828773096,0.531084275181,9.3884305954,3.12045955658,0.0627131364399,-1.24741179795
/home/bhaswati/Machine_Learning/30apr2k15/pfd/index2139HR_1938-50_IA_search_DM32.250_ACCEL_50_ACCEL_Cand_9.pfd,94.4005100466,67.4377614456,0.670095161795,-0.516246959605,6.69398260117,4.09358692169,0.918713180185,-0.315486489426
/home/bhaswati/Machine_Learning/30apr2k15/pfd/index37721HR_1938-50_IA_search_DM244.80_ACCEL_50_ACCEL_Cand_21.pfd,90.6178937958,48.7330469328,0.761617750779,0.996536377776,1.22097992897,0.228072941303,0.265624417474,-0.286427136247
/home/bhaswati/Machine_Learning/30apr2k15/pfd/index317252HR_1946-50_IA_search_DM23.020_ACCEL_50_ACCEL_Cand_52.pfd,89.1946180712,117.354610346,0.701013850455,-1.5,2.95653676987,2.11024522781,1.2212978293,1.04821702005
/home/bhaswati/Machine_Learning/30apr2k15/pfd/index89919HR_1947-43_IA_search_DM56.050_ACCEL_50_ACCEL_Cand_19.pfd,93.8150163799,57.3274434928,0.670604046095,-0.186012678225,1.74993634224,0.535944879055,-0.172635671407,-0.582020220922
/home/bhaswati/Machine_Learning/30apr2k15/pfd/index2006143HR_2141-52_IA_search_DM5.660_ACCEL_50_ACCEL_Cand_143.pfd,86.8628494908,67.5095524642,1.33108176432,1.01559131692,0.59888458252,0.217856198549,0.432634971425,-0.342608754757
/home/bhaswati/Machine_Learning/30apr2k15/pfd/index180525HR_2141-52_IA_search_DM79.050_ACCEL_50_ACCEL_Cand_25.pfd,98.3915935668,66.4895541291,0.685388322915,-0.408832898268,1.28365278244,0.512098968029,0.518600953031,-0.58755733182
/home/bhaswati/Machine_Learning/30apr2k15/pfd/index176550HR_2141-52_IA_search_DM14.830_ACCEL_50_ACCEL_Cand_50.pfd,90.2491538439,61.6474409118,0.749298751513,0.105383800135,0.73121368885,0.230137482285,0.349634783597,-0.626720839219
/home/bhaswati/Machine_Learning/30apr2k15/pfd/index371168HR_1938-50_IA_search_DM23.010_ACCEL_50_ACCEL_Cand_68.pfd,90.7850720342,116.333451213,0.695321912213,-1.5,0.236727491021,0.227084711194,1.01378221214,0.127320095736
/home/bhaswati/Machine_Learning/30apr2k15/pfd/index236847HR_2141-52_IA_search_DM38.050_ACCEL_50_ACCEL_Cand_47.pfd,91.1019052487,88.2615003676,0.824073494893,-0.689529482769,3.02166891098,2.21884059906,0.933334481834,-0.288390860069
/home/bhaswati/Machine_Learning/30apr2k15/pfd/index369641HR_1938-50_IA_search_DM47.650_ACCEL_50_ACCEL_Cand_41.pfd,94.9612589103,113.820206218,0.670724588133,-1.5,2.0165708065,1.53563046455,0.966840734443,0.234278926569
/home/bhaswati/Machine_Learning/30apr2k15/pfd/index2931124HR_1946-50_IA_search_DM6.690_ACCEL_50_ACCEL_Cand_124.pfd,91.686168254,89.1588963832,0.71187982079,-0.794166089586,0.905509054661,0.574564039707,0.822604905183,-0.214694529531
/home/bhaswati/Machine_Learning/30apr2k15/pfd/index14029HR_1938-50_IA_search_DM4.140_ACCEL_50_ACCEL_Cand_9.pfd,93.4605342041,65.3406068459,0.838496591897,-0.46223443703,17.7635421753,5.42924690247,-0.0389352633608,-1.28282493565
/home/bhaswati/Machine_Learning/30apr2k15/pfd/index175232HR_1938-50_IA_search_DM14.970_ACCEL_50_ACCEL_Cand_32.pfd,88.0239398796,62.8995716366,0.742884738496,-0.29351921694,4.11203289032,1.49991428852,0.548945386605,-1.13894279042
/home/bhaswati/Machine_Learning/30apr2k15/pfd/index66718HR_2141-52_IA_search_DM30.400_ACCEL_50_ACCEL_Cand_18.pfd,99.6478116881,53.4690911794,0.801178470059,0.585516268749,2.86210203171,1.62733638287,1.14289620973,0.4907294445
/home/bhaswati/Machine_Learning/30apr2k15/pfd/index34921HR_1947-43_IA_search_DM472.50_ACCEL_50_ACCEL_Cand_21.pfd,85.6423984249,53.6179016615,0.850233374361,1.00165525002,1.00087225437,0.159542933106,0.0192239428619,0.104472608672
/home/bhaswati/Machine_Learning/30apr2k15/pfd/index80948HR_1954-50_IA_search_DM28.900_ACCEL_50_ACCEL_Cand_48.pfd,88.1706647837,62.6163514383,0.968353491913,0.10085785927,1.78573644161,0.654222011566,0.0253869605062,-1.44495328624
/home/bhaswati/Machine_Learning/30apr2k15/pfd/index317588HR_1938-50_IA_search_DM6.760_ACCEL_50_ACCEL_Cand_88.pfd,96.0895389105,87.3103480882,0.771792147355,-0.805212270663,7.39029121399,3.14880228043,0.220786195397,-0.691784873679
/home/bhaswati/Machine_Learning/30apr2k15/pfd/index182816HR_1938-50_IA_search_DM292.60_ACCEL_50_ACCEL_Cand_16.pfd,80.1491751534,57.9029059443,1.05173515125,1.22228144676,0.813071966171,0.211468234658,0.250689413478,-0.0459428615196
/home/bhaswati/Machine_Learning/30apr2k15/pfd/index1481179HR_1947-43_IA_search_DM5.430_ACCEL_50_ACCEL_Cand_179.pfd,102.702049395,64.0842881,0.810440501471,0.685722537436,0.669353425503,0.44765484333,1.56054028626,2.10527504394
/home/bhaswati/Machine_Learning/30apr2k15/pfd/index199341HR_1946-50_IA_search_DM30.975_ACCEL_50_ACCEL_Cand_41.pfd,81.0649377072,75.4452624216,0.774297727258,-0.19109082759,2.15396952629,1.21359360218,1.10093753119,1.31519096059
/home/bhaswati/Machine_Learning/30apr2k15/pfd/index204831HR_1946-50_IA_search_DM47.900_ACCEL_50_ACCEL_Cand_31.pfd,96.4303281619,79.8209504147,0.864572714321,-0.381470420092,2.3774061203,1.58791458607,1.05701303091,0.318948111859
/home/bhaswati/Machine_Learning/30apr2k15/pfd/index201363HR_2141-52_IA_search_DM5.230_ACCEL_50_ACCEL_Cand_63.pfd,101.177864556,73.4174492317,0.80849681062,-0.23421008009,1.13200473785,0.259070307016,0.633447436999,-0.0280538356377
/home/bhaswati/Machine_Learning/30apr2k15/pfd/index25435HR_1947-43_IA_search_DM462.50_ACCEL_50_ACCEL_Cand_35.pfd,79.5545817323,44.7331347381,1.07660258839,2.13303540266,1.3080945015,0.290418535471,0.378929939393,-0.201755164021
/home/bhaswati/Machine_Learning/30apr2k15/pfd/index2817119HR_1938-50_IA_search_DM8.960_ACCEL_50_ACCEL_Cand_119.pfd,108.556652713,84.0885965898,0.722865321184,-0.759681605243,1.84024167061,0.698706150055,0.401885613702,-0.614737141477
/home/bhaswati/Machine_Learning/30apr2k15/pfd/index209062HR_1938-50_IA_search_DM87.800_ACCEL_50_ACCEL_Cand_62.pfd,84.5410344794,64.7890473957,0.969235416989,0.258653819118,0.980205476284,0.255516678095,-0.142047186558,-0.663034275197
/home/bhaswati/Machine_Learning/30apr2k15/pfd/index2923108HR_1946-50_IA_search_DM1.860_ACCEL_50_ACCEL_Cand_108.pfd,92.9899387425,86.9033465819,0.700960427274,-0.556630149885,0.742827653885,0.350373893976,1.16900802586,2.25827380393
/home/bhaswati/Machine_Learning/30apr2k15/pfd/index344259HR_1938-50_IA_search_DM23.890_ACCEL_50_ACCEL_Cand_59.pfd,99.8265099422,88.6367650851,0.743457750746,-0.765470396345,1.00616729259,0.602276682854,1.59208421282,5.72768892557
/home/bhaswati/Machine_Learning/30apr2k15/pfd/index2620130HR_1946-50_IA_search_DM9.060_ACCEL_50_ACCEL_Cand_130.pfd,104.369151054,84.4922714188,0.714022810258,-0.873474462702,0.846721410751,0.42202231288,0.172301726773,-1.28758148609
/home/bhaswati/Machine_Learning/30apr2k15/pfd/index292544HR_1938-50_IA_search_DM34.925_ACCEL_50_ACCEL_Cand_44.pfd,100.617177654,70.7777818605,0.867704814982,0.157601046861,1.20004343987,0.393129646778,0.693635116197,1.09912515732
/home/bhaswati/Machine_Learning/30apr2k15/pfd/index70020HR_1938-50_IA_search_DM33.200_ACCEL_50_ACCEL_Cand_20.pfd,92.0100561281,71.6894018983,0.668370930407,-0.816709648653,5.84408712387,2.11230039597,-0.387518969121,-0.840178503147
/home/bhaswati/Machine_Learning/30apr2k15/pfd/index373770HR_1938-50_IA_search_DM34.925_ACCEL_50_ACCEL_Cand_70.pfd,96.4709485454,112.973908795,0.658217522317,-1.5,6.19578409195,2.93514919281,0.515932785775,0.819230762767
/home/bhaswati/Machine_Learning/30apr2k15/pfd/index173919HR_1946-50_IA_search_DM74.700_ACCEL_50_ACCEL_Cand_19.pfd,88.1402869011,54.4153666658,0.854662346903,1.89780885054,1.137165308,0.360780119896,0.0177620764434,-1.03016984569
/home/bhaswati/Machine_Learning/30apr2k15/pfd/index722HR_1938-50_IA_search_DM339.80_ACCEL_50_ACCEL_Cand_22.pfd,99.2187683095,63.5137300558,0.751335466409,-0.301480261491,7.49145030975,3.6750190258,1.58011406059,1.85922402595
/home/bhaswati/Machine_Learning/30apr2k15/pfd/index179326HR_2141-52_IA_search_DM103.80_ACCEL_50_ACCEL_Cand_26.pfd,80.2771356532,68.7864458898,1.05295192884,0.137104244604,1.58783507347,0.575261175632,0.57788673973,-0.451456356798
/home/bhaswati/Machine_Learning/30apr2k15/pfd/index338467HR_1938-50_IA_search_DM43.950_ACCEL_50_ACCEL_Cand_67.pfd,85.4097235123,90.7595816572,1.06036956874,-0.352482305527,0.946805655956,0.569844782352,0.805856540166,0.370171429808
/home/bhaswati/Machine_Learning/30apr2k15/pfd/index29419HR_1946-50_IA_search_DM455.00_ACCEL_50_ACCEL_Cand_19.pfd,100.91023383,49.4546820714,0.717213933528,0.454272623188,1.14713788033,0.196685835719,-0.104189648387,-0.392146495657
/home/bhaswati/Machine_Learning/30apr2k15/pfd/index162685HR_1938-50_IA_search_DM4.660_ACCEL_50_ACCEL_Cand_85.pfd,95.423341445,54.4523367408,0.818364533787,0.215241971811,1.23022687435,0.591995298862,1.29091327411,0.625153878243
/home/bhaswati/Machine_Learning/30apr2k15/pfd/index242890HR_1946-50_IA_search_DM8.070_ACCEL_50_ACCEL_Cand_90.pfd,91.4414854176,88.7842832694,0.721927067229,-0.880694992174,1.15204012394,0.494354397058,0.130135289455,-0.859234841269
/home/bhaswati/Machine_Learning/30apr2k15/pfd/index269845HR_1938-50_IA_search_DM44.750_ACCEL_50_ACCEL_Cand_45.pfd,99.1711980384,79.6092004288,0.893152158497,-0.47485152662,1.54308855534,0.715066492558,0.0649721675146,-1.11250041865
/home/bhaswati/Machine_Learning/30apr2k15/pfd/index1952110HR_1938-50_IA_search_DM6.590_ACCEL_50_ACCEL_Cand_110.pfd,96.8277532135,65.0123177682,0.692862062772,0.0339660597917,1.00871109962,0.309576511383,0.694459638274,-0.0983738741906
/home/bhaswati/Machine_Learning/30apr2k15/pfd/index16676HR_1946-50_IA_search_DM244.40_ACCEL_50_ACCEL_Cand_6.pfd,102.899432205,79.0086642114,0.664580247909,-0.843421778302,8.00238418579,0.830182731152,-0.62702118396,0.0992172414921
/home/bhaswati/Machine_Learning/30apr2k15/pfd/index265335HR_1946-50_IA_search_DM39.950_ACCEL_50_ACCEL_Cand_35.pfd,101.120147808,78.4072679717,0.8594418563,-0.0392359461361,1.57758378983,0.644944548607,0.521649907727,0.873648141737
/home/bhaswati/Machine_Learning/30apr2k15/pfd/index16946HR_2141-52_IA_search_DM72.150_ACCEL_50_ACCEL_Cand_6.pfd,98.1814974828,69.5963343389,0.702110832835,-0.391959170322,6.28302621841,0.579042315483,-0.738836073398,-0.303501235452
/home/bhaswati/Machine_Learning/30apr2k15/pfd/index274757HR_1946-50_IA_search_DM25.675_ACCEL_50_ACCEL_Cand_57.pfd,92.2138422817,86.3246299393,0.75237548607,-0.484418156089,3.44576621056,1.36156785488,0.32382796134,-0.19980275647
/home/bhaswati/Machine_Learning/30apr2k15/pfd/index369182HR_1938-50_IA_search_DM34.850_ACCEL_50_ACCEL_Cand_82.pfd,85.8104189928,119.639217354,0.706887779019,-1.5,5.08213472366,3.77633452415,0.831692511859,-0.126266403074
/home/bhaswati/Machine_Learning/30apr2k15/pfd/index221895HR_1938-50_IA_search_DM7.740_ACCEL_50_ACCEL_Cand_95.pfd,98.8533890229,67.2142793109,0.721758940295,0.00949600299689,1.34013640881,0.48887270689,0.146492472964,-0.565483831087
/home/bhaswati/Machine_Learning/30apr2k15/pfd/index1823106HR_1946-50_IA_search_DM17.380_ACCEL_50_ACCEL_Cand_106.pfd,70.0235842351,64.0956164621,1.48576021293,1.68707891298,0.88432174921,0.328411519527,0.582828488282,-0.605895876486
/home/bhaswati/Machine_Learning/30apr2k15/pfd/index502HR_1954-50_IA_search_DM92.650_ACCEL_50_ACCEL_Cand_2.pfd,93.1807444726,63.5455696202,0.968113114932,-0.0691216949669,8.15456199646,4.40526676178,1.05080834826,0.140942997161
/home/bhaswati/Machine_Learning/30apr2k15/pfd/index4337HR_1947-43_IA_search_DM481.00_ACCEL_50_ACCEL_Cand_7.pfd,95.0837889111,60.8436512205,0.701322906438,-0.168131361702,1.24048519135,0.217320531607,0.144574748861,-0.339011123626
/home/bhaswati/Machine_Learning/30apr2k15/pfd/index340238HR_1938-50_IA_search_DM49.025_ACCEL_50_ACCEL_Cand_38.pfd,77.8562421031,93.7474290394,1.12442623219,-0.268541107115,2.88948345184,2.50683760643,2.21354895326,4.97730792906
/home/bhaswati/Machine_Learning/30apr2k15/pfd/index3049100HR_1938-50_IA_search_DM27.925_ACCEL_50_ACCEL_Cand_100.pfd,101.879725734,82.2329381726,0.743038538836,-0.547498518306,1.18992853165,0.607993125916,0.431487914874,-0.584921783568
/home/bhaswati/Machine_Learning/30apr2k15/pfd/index7383HR_1938-50_IA_search_DM39.325_ACCEL_50_ACCEL_Cand_3.pfd,104.095942796,67.2737342792,0.797966366208,-0.581745112462,16.1348705292,7.68987464905,0.597754068895,-0.664873658776
/home/bhaswati/Machine_Learning/30apr2k15/pfd/index5341HR_1947-43_IA_search_DM170.70_ACCEL_50_ACCEL_Cand_1.pfd,88.9976922441,81.6191628406,0.715843088654,-0.914593963424,106.010704041,67.5774230957,0.842581277809,-0.848909957686
/home/bhaswati/Machine_Learning/30apr2k15/pfd/index51324HR_1947-43_IA_search_DM13.650_ACCEL_50_ACCEL_Cand_24.pfd,86.0136628205,77.8307550986,0.888052978488,-0.670765606117,41.4878807068,29.1691226959,0.311759395952,-1.36852409588
/home/bhaswati/Machine_Learning/30apr2k15/pfd/index146215HR_1946-50_IA_search_DM66.000_ACCEL_50_ACCEL_Cand_15.pfd,107.425494047,66.6652781048,0.730248769299,-0.375191303631,1.44142925739,0.719695746899,0.493040130657,-1.19553661149
/home/bhaswati/Machine_Learning/30apr2k15/pfd/index274134HR_1946-50_IA_search_DM28.350_ACCEL_50_ACCEL_Cand_34.pfd,102.937893513,81.0452988687,0.687714303931,-0.428361580594,2.18841314316,1.13001048565,0.194683307654,-0.61386248465
/home/bhaswati/Machine_Learning/30apr2k15/pfd/index239032HR_2141-52_IA_search_DM37.500_ACCEL_50_ACCEL_Cand_32.pfd,95.1027399407,84.3259272978,0.834665320986,-0.484638703311,2.58929109573,1.62559187412,0.37021607139,-0.866273768978
/home/bhaswati/Machine_Learning/30apr2k15/pfd/index1859150HR_1938-50_IA_search_DM2.310_ACCEL_50_ACCEL_Cand_150.pfd,92.8728463463,67.9738760555,0.971578543791,0.0372804183377,1.43481171131,0.881575644016,0.996450343079,-0.509844874988
/home/bhaswati/Machine_Learning/30apr2k15/pfd/index35675HR_1954-50_IA_search_DM1.550_ACCEL_50_ACCEL_Cand_75.pfd,94.2554792807,65.4048890786,0.912553351945,0.0172926140395,48.0897407532,29.436624527,0.782850913839,-0.784988634881
/home/bhaswati/Machine_Learning/30apr2k15/pfd/index322790HR_1938-50_IA_search_DM8.190_ACCEL_50_ACCEL_Cand_90.pfd,89.2869518067,90.5484959627,0.7006327506,-0.8089192716,4.83721923828,3.01503205299,1.16260171149,2.27729064701
/home/bhaswati/Machine_Learning/30apr2k15/pfd/index2871107HR_1938-50_IA_search_DM9.120_ACCEL_50_ACCEL_Cand_107.pfd,85.2351032304,73.3911433388,1.05674803841,0.57500914904,0.848898291588,0.281903237104,0.0742160383744,0.387990376929
/home/bhaswati/Machine_Learning/30apr2k15/pfd/index108616HR_2141-52_IA_search_DM2.770_ACCEL_50_ACCEL_Cand_16.pfd,93.6538985384,60.5509910542,0.754323889653,0.241360606643,23.7064533234,17.8175010681,0.635339447393,-1.1273752009
/home/bhaswati/Machine_Learning/30apr2k15/pfd/index294239HR_1938-50_IA_search_DM37.550_ACCEL_50_ACCEL_Cand_39.pfd,92.6279357445,76.6765258536,0.731705932647,-0.306168126579,2.29359579086,0.952963113785,0.553329685813,-0.0863501879623
/home/bhaswati/Machine_Learning/30apr2k15/pfd/index206616HR_1938-50_IA_search_DM97.050_ACCEL_50_ACCEL_Cand_16.pfd,111.405014438,64.6100547291,0.65791968372,-0.493750576023,1.32920658588,0.465151846409,0.136848044382,-0.732110262034
/home/bhaswati/Machine_Learning/30apr2k15/pfd/index202575HR_1946-50_IA_search_DM32.375_ACCEL_50_ACCEL_Cand_75.pfd,96.2811315339,79.7655258485,0.902273171094,-0.307574730018,1.54644656181,0.671536922455,0.262392023226,-0.587571887574
/home/bhaswati/Machine_Learning/30apr2k15/pfd/index343846HR_1938-50_IA_search_DM41.650_ACCEL_50_ACCEL_Cand_46.pfd,89.1784540694,93.150802985,0.871489915517,-0.759392291022,1.30411028862,0.978153884411,1.28838898643,1.72895174039
/home/bhaswati/Machine_Learning/30apr2k15/pfd/index204131HR_2141-52_IA_search_DM25.620_ACCEL_50_ACCEL_Cand_31.pfd,78.210452825,76.27203906,1.13281197791,0.227214992047,0.875529944897,0.547488749027,0.768573635275,-0.307444709643
/home/bhaswati/Machine_Learning/30apr2k15/pfd/index165351HR_2141-52_IA_search_DM2.190_ACCEL_50_ACCEL_Cand_51.pfd,70.108065158,60.4235142403,1.46396612162,1.59631343783,2.77860331535,1.11424732208,0.89324659187,0.0936842965561
/home/bhaswati/Machine_Learning/30apr2k15/pfd/index38272HR_1946-50_IA_search_DM421.00_ACCEL_50_ACCEL_Cand_72.pfd,89.5114238441,54.9191797979,1.04115872958,1.19557372508,1.49434554577,0.380202561617,0.426986032546,-0.718162827672
/home/bhaswati/Machine_Learning/30apr2k15/pfd/index77682HR_1938-50_IA_search_DM41.850_ACCEL_50_ACCEL_Cand_82.pfd,116.486140836,58.157796616,0.669971327624,-0.412161936693,2.84341406822,1.26829445362,0.697946270329,-0.389377511276
/home/bhaswati/Machine_Learning/30apr2k15/pfd/index225340HR_1938-50_IA_search_DM20.190_ACCEL_50_ACCEL_Cand_40.pfd,87.1113639862,63.5157588466,0.989016389703,1.02937024003,0.992109835148,0.443551123142,0.472163064682,-0.619271206487
/home/bhaswati/Machine_Learning/30apr2k15/pfd/index6955HR_2141-52_IA_search_DM8.190_ACCEL_50_ACCEL_Cand_5.pfd,104.218739625,78.6247025777,0.662706348876,-0.880251575838,202.621643066,73.6999969482,-0.561923629151,-0.256952805694
/home/bhaswati/Machine_Learning/30apr2k15/pfd/index110631HR_1947-43_IA_search_DM39.375_ACCEL_50_ACCEL_Cand_31.pfd,96.8389115516,68.1517440253,0.76900681353,-0.214059130475,2.8920083046,0.874216675758,0.791135761725,-0.27092547637
/home/bhaswati/Machine_Learning/30apr2k15/pfd/index301456HR_1946-50_IA_search_DM32.425_ACCEL_50_ACCEL_Cand_56.pfd,83.2589584097,93.1574876638,1.00967943349,-0.487924899006,2.1990647316,1.52320826054,0.756338236275,-0.127837095046
/home/bhaswati/Machine_Learning/30apr2k15/pfd/index37077HR_2141-52_IA_search_DM486.00_ACCEL_50_ACCEL_Cand_77.pfd,99.229626044,54.7976443702,0.755085606707,0.203863923153,1.26038277149,0.21750921011,0.473194369179,-0.289843981648
/home/bhaswati/Machine_Learning/30apr2k15/pfd/index7916HR_1954-50_IA_search_DM424.50_ACCEL_50_ACCEL_Cand_16.pfd,87.5676031037,54.6035920938,0.687729482281,0.113354366282,1.50507044792,0.263959079981,0.545521235364,-0.313508091794
/home/bhaswati/Machine_Learning/30apr2k15/pfd/index79287HR_1954-50_IA_search_DM4.380_ACCEL_50_ACCEL_Cand_87.pfd,79.7740593752,66.6945514732,1.05348345328,0.191217526677,1.66436862946,0.890016198158,0.345590630634,-1.36575896267
/home/bhaswati/Machine_Learning/30apr2k15/pfd/index22716HR_1938-50_IA_search_DM7.960_ACCEL_50_ACCEL_Cand_16.pfd,88.9911644048,82.6637169241,0.727067316539,-0.988672470393,38.608959198,27.5358028412,0.265127652021,-1.33698369491
/home/bhaswati/Machine_Learning/30apr2k15/pfd/index320934HR_1946-50_IA_search_DM28.725_ACCEL_50_ACCEL_Cand_34.pfd,96.5009644726,112.957427411,0.657948766091,-1.5,5.95523262024,5.79146718979,0.71449357512,-0.85237817674
/home/bhaswati/Machine_Learning/30apr2k15/pfd/index274999HR_1938-50_IA_search_DM14.960_ACCEL_50_ACCEL_Cand_99.pfd,94.7216997031,85.064495145,0.692220523297,-1.01593950545,0.975510954857,0.449646860361,0.376784617377,-0.893308037484
/home/bhaswati/Machine_Learning/30apr2k15/pfd/index179720HR_1946-50_IA_search_DM244.10_ACCEL_50_ACCEL_Cand_20.pfd,102.868065354,65.9631374564,0.710581679743,-0.0778613135707,1.09343266487,0.554742753506,1.91187216953,4.59575066461
/home/bhaswati/Machine_Learning/30apr2k15/pfd/index266335HR_2141-52_IA_search_DM25.870_ACCEL_50_ACCEL_Cand_35.pfd,96.2268135199,113.108462925,0.660374194392,-1.5,0.820980787277,0.717020511627,0.832613495507,-0.187709228354
/home/bhaswati/Machine_Learning/30apr2k15/pfd/index175458HR_1938-50_IA_search_DM7.780_ACCEL_50_ACCEL_Cand_58.pfd,95.7756242744,59.9630939667,0.752379374523,-0.370838595717,2.60559487343,0.943100988865,0.0625490435201,-0.896353277982
/home/bhaswati/Machine_Learning/30apr2k15/pfd/index98519HR_1946-50_IA_search_DM254.40_ACCEL_50_ACCEL_Cand_19.pfd,92.5888537169,50.0999843065,0.694853996624,0.706758637642,0.867021799088,0.168020233512,0.494426707171,-0.823456382925
/home/bhaswati/Machine_Learning/30apr2k15/pfd/index2103144HR_1938-50_IA_search_DM5.580_ACCEL_50_ACCEL_Cand_144.pfd,96.0534578975,86.1902763107,0.725542661101,-0.865820793866,2.84845280647,1.16223299503,0.564814241018,-0.703657277903
/home/bhaswati/Machine_Learning/30apr2k15/pfd/index161256HR_2141-52_IA_search_DM6.170_ACCEL_50_ACCEL_Cand_56.pfd,91.9089793041,71.9069167146,0.823516674363,-0.496890559293,2.21839857101,0.974479973316,0.313607845106,-0.780882401302
/home/bhaswati/Machine_Learning/30apr2k15/pfd/index230453HR_1938-50_IA_search_DM47.925_ACCEL_50_ACCEL_Cand_53.pfd,87.0768859804,73.091482505,0.916658162257,-0.124223796756,2.02563095093,1.92386031151,1.31414042987,0.448790313677
/home/bhaswati/Machine_Learning/30apr2k15/pfd/index1667205HR_1938-50_IA_search_DM3.570_ACCEL_50_ACCEL_Cand_205.pfd,92.2027576422,46.1372978512,0.71571422906,1.43394688314,0.713814258575,0.108903773129,0.575201895224,0.313279729849
/home/bhaswati/Machine_Learning/30apr2k15/pfd/index227923HR_1938-50_IA_search_DM39.725_ACCEL_50_ACCEL_Cand_23.pfd,88.3804112728,73.544254578,0.987005798012,0.170681665128,0.823783159256,0.316567867994,0.258967402843,-0.473762842724
/home/bhaswati/Machine_Learning/30apr2k15/pfd/index4365HR_2141-52_IA_search_DM498.50_ACCEL_50_ACCEL_Cand_5.pfd,87.0663581512,48.8713576031,0.666105410562,0.91827410605,1.25451743603,0.223608121276,-0.0864875479463,-0.329042698283
/home/bhaswati/Machine_Learning/30apr2k15/pfd/index310427HR_1938-50_IA_search_DM42.575_ACCEL_50_ACCEL_Cand_27.pfd,82.2641913444,86.0272878719,1.0905130492,-0.0699974672272,3.53692150116,1.76778519154,0.293127509636,-0.867014635007
/home/bhaswati/Machine_Learning/30apr2k15/pfd/index368753HR_1938-50_IA_search_DM29.375_ACCEL_50_ACCEL_Cand_53.pfd,88.0673415906,118.098980091,0.703888399248,-1.5,1.59535181522,1.69255375862,1.67105169378,2.96279140756
/home/bhaswati/Machine_Learning/30apr2k15/pfd/index251437HR_1946-50_IA_search_DM36.225_ACCEL_50_ACCEL_Cand_37.pfd,83.9534792691,78.4089490618,1.02912522444,-0.0753467866269,1.57694149017,0.922745227814,0.772603196496,-0.614510331371
/home/bhaswati/Machine_Learning/30apr2k15/pfd/index1721HR_1946-50_IA_search_DM81.350_ACCEL_50_ACCEL_Cand_1.pfd,83.5024201725,89.583381747,0.835584625707,-0.969319338497,62.1970100403,47.706905365,1.61033354296,2.12370352993
/home/bhaswati/Machine_Learning/30apr2k15/pfd/index302768HR_1946-50_IA_search_DM24.120_ACCEL_50_ACCEL_Cand_68.pfd,76.6593979678,91.0276923381,1.345810736,0.0645327663628,0.61425280571,0.325406700373,1.00764877668,0.206479452348
/home/bhaswati/Machine_Learning/30apr2k15/pfd/index198383HR_1946-50_IA_search_DM36.225_ACCEL_50_ACCEL_Cand_83.pfd,95.5294732281,74.780971416,0.83571516505,-0.232067825995,0.862435102463,0.263452202082,0.540882960208,-0.175244202904
/home/bhaswati/Machine_Learning/30apr2k15/pfd/index320241HR_1946-50_IA_search_DM31.275_ACCEL_50_ACCEL_Cand_41.pfd,89.8577025521,116.924698479,0.698877364484,-1.5,0.469869494438,0.421660661697,0.933746841941,-0.221549027391
/home/bhaswati/Machine_Learning/30apr2k15/pfd/index2317148HR_2141-52_IA_search_DM1.710_ACCEL_50_ACCEL_Cand_148.pfd,103.290768744,81.8963434074,0.684314946537,-0.54477817947,0.5235927701,0.285115450621,1.37690289445,2.57236465463
/home/bhaswati/Machine_Learning/30apr2k15/pfd/index78265HR_1946-50_IA_search_DM11.360_ACCEL_50_ACCEL_Cand_65.pfd,89.311714791,77.4815435707,0.686503609607,-0.982275493076,7.58324098587,4.08191919327,0.479146707171,-1.12622596965
/home/bhaswati/Machine_Learning/30apr2k15/pfd/index299054HR_1946-50_IA_search_DM39.525_ACCEL_50_ACCEL_Cand_54.pfd,94.3329996541,91.5154320249,0.763770628471,-0.785610188582,3.32448649406,1.39855885506,-0.0548729021646,-0.801307425339
/home/bhaswati/Machine_Learning/30apr2k15/pfd/index178737HR_2141-52_IA_search_DM97.350_ACCEL_50_ACCEL_Cand_37.pfd,100.293042687,59.1102001378,0.763641668861,0.821983119852,0.767578959465,0.259940385818,0.345035972309,-0.800814162858
/home/bhaswati/Machine_Learning/30apr2k15/pfd/index177023HR_2141-52_IA_search_DM115.20_ACCEL_50_ACCEL_Cand_23.pfd,98.4478889074,51.6392229908,0.844549493785,1.96255819539,0.654567539692,0.142316937447,-0.00880386026349,-0.704055750627
/home/bhaswati/Machine_Learning/30apr2k15/pfd/index216662HR_1946-50_IA_search_DM14.310_ACCEL_50_ACCEL_Cand_62.pfd,110.38190977,67.6835832706,0.657415347487,-0.118024337761,0.901888251305,0.320533961058,-0.148068127918,-0.865056326206
/home/bhaswati/Machine_Learning/30apr2k15/pfd/index351818HR_1938-50_IA_search_DM48.975_ACCEL_50_ACCEL_Cand_18.pfd,90.10148323,97.9671054032,0.961450170696,-0.797234600308,0.792904436588,0.549406468868,0.711344339934,-0.354861905672
/home/bhaswati/Machine_Learning/30apr2k15/pfd/index167119HR_2141-52_IA_search_DM226.10_ACCEL_50_ACCEL_Cand_19.pfd,90.7858150077,64.6405062704,0.771554645807,0.0766687625211,1.34285402298,0.573635220528,0.428271698795,-0.754185217572
/home/bhaswati/Machine_Learning/30apr2k15/pfd/index230351HR_1946-50_IA_search_DM42.500_ACCEL_50_ACCEL_Cand_51.pfd,79.4849980376,70.0283485779,1.23460010825,0.978710960867,0.589800357819,0.203524753451,0.186021254152,-0.695445739493
/home/bhaswati/Machine_Learning/30apr2k15/pfd/index265442HR_1938-50_IA_search_DM25.100_ACCEL_50_ACCEL_Cand_42.pfd,97.2225755136,70.5889673762,0.756198471017,0.205567054525,0.834467172623,0.493859678507,1.19981157954,1.35189556611
/home/bhaswati/Machine_Learning/30apr2k15/pfd/index200029HR_1946-50_IA_search_DM37.225_ACCEL_50_ACCEL_Cand_29.pfd,88.5179074945,84.3507953648,0.759896617648,-0.758279705527,1.88525760174,1.10100412369,0.629912522286,-0.382464559338
/home/bhaswati/Machine_Learning/30apr2k15/pfd/index241766HR_1946-50_IA_search_DM15.020_ACCEL_50_ACCEL_Cand_66.pfd,96.675303522,81.8538157134,0.690888953582,-0.621844018613,0.978497028351,0.456593185663,0.33115019894,-0.905915111676
/home/bhaswati/Machine_Learning/30apr2k15/pfd/index314935HR_1946-50_IA_search_DM45.525_ACCEL_50_ACCEL_Cand_35.pfd,85.7359830343,119.691128436,0.706926317346,-1.5,1.11021900177,1.02878367901,1.33344288828,1.54510087243
/home/bhaswati/Machine_Learning/30apr2k15/pfd/index241732HR_2141-52_IA_search_DM47.550_ACCEL_50_ACCEL_Cand_32.pfd,93.6659231043,84.7478335077,0.764902220686,-0.392857684225,1.08467006683,0.607324957848,0.315247808883,-0.637713760171
/home/bhaswati/Machine_Learning/30apr2k15/pfd/index25026HR_1954-50_IA_search_DM20.870_ACCEL_50_ACCEL_Cand_26.pfd,108.2354103,66.4571155782,0.661019452436,-0.453175637872,8.73912143707,4.40585327148,0.352264051991,-0.925726738942
/home/bhaswati/Machine_Learning/30apr2k15/pfd/index15024HR_1946-50_IA_search_DM238.30_ACCEL_50_ACCEL_Cand_4.pfd,92.5472593327,66.5896895484,0.705663731978,-0.681627485733,3.38401675224,0.656531989574,0.54828434491,-0.837607575501
/home/bhaswati/Machine_Learning/30apr2k15/pfd/index2485155HR_1946-50_IA_search_DM7.650_ACCEL_50_ACCEL_Cand_155.pfd,89.2237193759,83.4884292061,0.756284290019,-0.773925329597,1.5534003973,0.765011429787,0.747527708084,-0.119053392254
/home/bhaswati/Machine_Learning/30apr2k15/pfd/index277236HR_1946-50_IA_search_DM41.675_ACCEL_50_ACCEL_Cand_36.pfd,94.8479558994,85.8688765006,0.724991691636,-0.583349945185,1.40444779396,0.706494688988,0.856704496848,-0.154338765471
/home/bhaswati/Machine_Learning/30apr2k15/pfd/index144165HR_2141-52_IA_search_DM2.750_ACCEL_50_ACCEL_Cand_65.pfd,87.8444417645,57.1312171913,0.694392609146,-0.00395920125426,1.35470104218,0.199975058436,-0.131767718736,-0.736529542864
/home/bhaswati/Machine_Learning/30apr2k15/pfd/index139052HR_2141-52_IA_search_DM9.330_ACCEL_50_ACCEL_Cand_52.pfd,106.284907455,54.3985621369,0.810408295573,0.259901835652,1.52039778233,0.54461979866,0.755683650717,0.082961111969
/home/bhaswati/Machine_Learning/30apr2k15/pfd/index181992HR_1938-50_IA_search_DM2.800_ACCEL_50_ACCEL_Cand_92.pfd,105.968991304,79.6799817476,0.695272609365,-0.940890719351,3.21180415154,0.985868096352,0.339333117224,-1.09597646301
/home/bhaswati/Machine_Learning/30apr2k15/pfd/index254428HR_2141-52_IA_search_DM29.650_ACCEL_50_ACCEL_Cand_28.pfd,100.827704611,85.2960082358,0.823904266366,-0.46233420327,1.90768742561,0.988762199879,0.50169809472,-0.720926309478
/home/bhaswati/Machine_Learning/30apr2k15/pfd/index188651HR_1946-50_IA_search_DM21.290_ACCEL_50_ACCEL_Cand_51.pfd,83.8501703946,67.7488856269,1.05112242948,0.230765756173,2.10009670258,1.18622863293,0.649301728783,-0.458660549394
/home/bhaswati/Machine_Learning/30apr2k15/pfd/index2467203HR_1938-50_IA_search_DM5.640_ACCEL_50_ACCEL_Cand_203.pfd,93.5873846951,81.5968525833,0.700867158827,-0.722892751319,2.08077216148,0.637684822083,0.142979955318,-1.13063828255
/home/bhaswati/Machine_Learning/30apr2k15/pfd/index514HR_1954-50_IA_search_DM39.125_ACCEL_50_ACCEL_Cand_4.pfd,118.418815068,68.7473874777,0.703952221206,-0.867806350426,9.95519161224,5.6603307724,1.00913102481,0.0864947611391
/home/bhaswati/Machine_Learning/30apr2k15/pfd/index1522157HR_1947-43_IA_search_DM2.740_ACCEL_50_ACCEL_Cand_157.pfd,91.9188170444,98.9548461829,0.670471680533,-1.2821835966,2.28125333786,1.63462483883,0.334195337767,-1.40663508896
/home/bhaswati/Machine_Learning/30apr2k15/pfd/index278018HR_1946-50_IA_search_DM47.450_ACCEL_50_ACCEL_Cand_18.pfd,98.2187505683,80.8301864334,0.881202088398,-0.240024064011,1.56190180779,1.1186568737,0.948330691155,0.492750317073
/home/bhaswati/Machine_Learning/30apr2k15/pfd/index282946HR_1946-50_IA_search_DM27.050_ACCEL_50_ACCEL_Cand_46.pfd,81.4334617337,89.8755372557,0.914361183928,-0.430326351323,1.7102214098,0.918398141861,1.15774000042,0.546975569845
/home/bhaswati/Machine_Learning/30apr2k15/pfd/index211630HR_2141-52_IA_search_DM42.500_ACCEL_50_ACCEL_Cand_30.pfd,80.1731397816,76.4853662793,0.974454927061,-0.00639594479917,2.27272701263,0.771242141724,0.122374419177,-1.00188130512
/home/bhaswati/Machine_Learning/30apr2k15/pfd/index1543148HR_1947-43_IA_search_DM1.850_ACCEL_50_ACCEL_Cand_148.pfd,99.0518404909,87.5581322698,0.69118953847,-0.904050396341,1.61258101463,1.02737140656,0.155755187961,-1.11642651826
/home/bhaswati/Machine_Learning/30apr2k15/pfd/index265035HR_1938-50_IA_search_DM34.850_ACCEL_50_ACCEL_Cand_35.pfd,91.343966796,70.1834461848,0.95099948077,0.51604658049,1.00657260418,0.729862749577,1.92872530577,4.49888499066
/home/bhaswati/Machine_Learning/30apr2k15/pfd/index2334140HR_2141-52_IA_search_DM1.680_ACCEL_50_ACCEL_Cand_140.pfd,88.8577302389,85.4828642161,0.932502182305,-0.320613042215,0.695760548115,0.241215914488,0.633349162801,0.12109670362
/home/bhaswati/Machine_Learning/30apr2k15/pfd/index2923106HR_1938-50_IA_search_DM18.420_ACCEL_50_ACCEL_Cand_106.pfd,97.4306416466,78.2654887968,0.676889764349,-0.497459563008,0.603358209133,0.225267127156,0.142411507641,-0.182380124179
/home/bhaswati/Machine_Learning/30apr2k15/pfd/index273567HR_1946-50_IA_search_DM13.700_ACCEL_50_ACCEL_Cand_67.pfd,90.1550652652,87.0565622642,0.931537422912,-0.581842374859,5.17261981964,1.99043548107,1.3321117411,1.90516268398
/home/bhaswati/Machine_Learning/30apr2k15/pfd/index370259HR_1938-50_IA_search_DM38.200_ACCEL_50_ACCEL_Cand_59.pfd,92.1778684209,115.467770216,0.688707256319,-1.5,3.62268829346,2.35614943504,1.50158592215,1.94062412444
/home/bhaswati/Machine_Learning/30apr2k15/pfd/index325658HR_1946-50_IA_search_DM34.850_ACCEL_50_ACCEL_Cand_58.pfd,94.4622201005,114.107360855,0.674427498905,-1.5,0.38782402873,0.255213171244,0.30290148079,-0.773852927538
/home/bhaswati/Machine_Learning/30apr2k15/pfd/index263490HR_1946-50_IA_search_DM42.350_ACCEL_50_ACCEL_Cand_90.pfd,96.5047374193,79.7490351854,0.988177214705,-0.0255040348979,0.759228467941,0.34876921773,0.366972140321,-0.85981134705
/home/bhaswati/Machine_Learning/30apr2k15/pfd/index237425HR_1946-50_IA_search_DM46.775_ACCEL_50_ACCEL_Cand_25.pfd,90.066925438,71.5691108756,1.04002086063,0.556392045903,1.06299257278,0.439151674509,0.669132209729,-0.132181974287
/home/bhaswati/Machine_Learning/30apr2k15/pfd/index339563HR_1938-50_IA_search_DM25.770_ACCEL_50_ACCEL_Cand_63.pfd,78.7995625311,93.6890500028,1.09865623505,-0.308831270861,2.78694438934,2.08636927605,0.880779048851,0.0659057889318
/home/bhaswati/Machine_Learning/30apr2k15/pfd/index1571HR_1938-50_IA_search_DM39.575_ACCEL_50_ACCEL_Cand_1.pfd,77.115389287,77.6292554425,1.07411717362,-0.304718570299,31.1383686066,20.4710330963,1.54859702948,1.66166903672
/home/bhaswati/Machine_Learning/30apr2k15/pfd/index1962HR_1938-50_IA_search_DM39.800_ACCEL_50_ACCEL_Cand_2.pfd,94.1650657582,74.78448696,0.779992779035,-0.872607224901,12.5502023697,10.0739564896,1.55683824133,1.15690191903
/home/bhaswati/Machine_Learning/30apr2k15/pfd/index4231HR_1947-43_IA_search_DM31.450_ACCEL_50_ACCEL_Cand_31.pfd,83.6757788728,61.6401352178,1.40599710105,1.13248653272,5.24387741089,3.42054843903,0.41687056983,-0.991411372299
/home/bhaswati/Machine_Learning/30apr2k15/pfd/index250179HR_1946-50_IA_search_DM7.980_ACCEL_50_ACCEL_Cand_79.pfd,99.8408851641,88.610058209,0.831585359612,-0.791875673587,1.09504234791,0.540645420551,0.190699388901,-1.05321695247
/home/bhaswati/Machine_Learning/30apr2k15/pfd/index2117172HR_1938-50_IA_search_DM10.980_ACCEL_50_ACCEL_Cand_172.pfd,87.3380453351,73.7831529416,1.02601261341,0.136559079938,1.78472101688,1.03831398487,0.825910581799,-0.831614846827
/home/bhaswati/Machine_Learning/30apr2k15/pfd/index215596HR_1938-50_IA_search_DM8.770_ACCEL_50_ACCEL_Cand_96.pfd,85.5789371926,66.0247482486,0.75626006439,0.190966909473,3.52735590935,1.00473976135,0.818697069122,0.830347337691
/home/bhaswati/Machine_Learning/30apr2k15/pfd/index232425HR_2141-52_IA_search_DM29.000_ACCEL_50_ACCEL_Cand_25.pfd,78.6788986334,92.0831980218,1.01570886592,-0.553754605785,0.959904253483,0.554206311703,0.507965518,-0.94497229116
/home/bhaswati/Machine_Learning/30apr2k15/pfd/index350839HR_1938-50_IA_search_DM49.150_ACCEL_50_ACCEL_Cand_39.pfd,85.105549148,100.234345071,1.01118256384,-0.777362941485,3.73517251015,4.8028678894,2.03958683563,3.54175720622
/home/bhaswati/Machine_Learning/30apr2k15/pfd/index2916206HR_1938-50_IA_search_DM10.040_ACCEL_50_ACCEL_Cand_206.pfd,107.974823304,85.0460479746,0.663146987149,-0.841084888535,2.06129598618,1.23380947113,1.10680404507,1.26340177508
/home/bhaswati/Machine_Learning/30apr2k15/pfd/index168535HR_2141-52_IA_search_DM17.820_ACCEL_50_ACCEL_Cand_35.pfd,86.5141520916,68.2594520298,0.856973222307,0.0609895270938,1.86591351032,0.608802676201,-0.300345532782,-1.18383278276
/home/bhaswati/Machine_Learning/30apr2k15/pfd/index288857HR_1946-50_IA_search_DM27.125_ACCEL_50_ACCEL_Cand_57.pfd,99.6573941898,77.8439026852,0.947253304297,0.104114689832,1.84076428413,1.09755539894,0.513340346015,-0.3868732447
/home/bhaswati/Machine_Learning/30apr2k15/pfd/index42928HR_1938-50_IA_search_DM403.50_ACCEL_50_ACCEL_Cand_28.pfd,95.6457103767,57.0230667526,0.724325981922,0.288259066511,1.92205607891,0.539343416691,-0.186968982873,-1.26550963347
/home/bhaswati/Machine_Learning/30apr2k15/pfd/index185545HR_1946-50_IA_search_DM98.100_ACCEL_50_ACCEL_Cand_45.pfd,85.8684612376,61.3352023211,1.10736122636,1.03861400166,1.96512043476,1.43294298649,1.18026246101,0.0428058988996
/home/bhaswati/Machine_Learning/30apr2k15/pfd/index1972HR_1946-50_IA_search_DM81.350_ACCEL_50_ACCEL_Cand_2.pfd,95.278542564,71.2949165024,0.816118384331,-0.424918689304,19.612033844,19.9107208252,1.69869637007,1.6257461354
/home/bhaswati/Machine_Learning/30apr2k15/pfd/index202884HR_1946-50_IA_search_DM21.690_ACCEL_50_ACCEL_Cand_84.pfd,100.151634968,71.9480926035,0.737237758048,-0.303793887512,1.87833929062,0.956026077271,0.685613208958,-0.0859592918903
/home/bhaswati/Machine_Learning/30apr2k15/pfd/index1958HR_1938-50_IA_search_DM16.280_ACCEL_50_ACCEL_Cand_8.pfd,92.1985793781,78.2077072022,0.818326875612,-0.660730084457,26.1715927124,20.3748245239,0.81709530832,-0.777533141627
/home/bhaswati/Machine_Learning/30apr2k15/pfd/index309292HR_1946-50_IA_search_DM7.400_ACCEL_50_ACCEL_Cand_92.pfd,101.697362873,95.079257197,0.709842972256,-0.96691086857,1.44988679886,0.772990524769,0.365206619481,-0.473933898751
/home/bhaswati/Machine_Learning/30apr2k15/pfd/index149029HR_1938-50_IA_search_DM21.440_ACCEL_50_ACCEL_Cand_29.pfd,95.3496215961,56.5855489758,0.800531581316,0.377000536825,1.2244836092,0.461230367422,1.21924692609,1.32700720395
/home/bhaswati/Machine_Learning/30apr2k15/pfd/index1369214HR_1938-50_IA_search_DM11.470_ACCEL_50_ACCEL_Cand_214.pfd,82.6639042563,52.4970288125,1.0103059718,1.34386528959,1.22087490559,0.397352278233,0.904882203209,0.227789691824
/home/bhaswati/Machine_Learning/30apr2k15/pfd/index187163HR_2141-52_IA_search_DM9.060_ACCEL_50_ACCEL_Cand_63.pfd,88.8954328529,65.1536593037,0.86989626951,0.311896442549,1.19049119949,0.272543221712,0.161536542447,-0.456275263106
/home/bhaswati/Machine_Learning/30apr2k15/pfd/index108017HR_1938-50_IA_search_DM236.10_ACCEL_50_ACCEL_Cand_17.pfd,107.137456292,50.3855315092,0.739861173421,0.783976692817,0.82906293869,0.131242781878,0.452243501776,0.787897248257
/home/bhaswati/Machine_Learning/30apr2k15/pfd/index298768HR_1946-50_IA_search_DM20.210_ACCEL_50_ACCEL_Cand_68.pfd,82.072520755,90.0468507154,1.21676206699,-0.117005100387,1.44703662395,0.74468767643,0.439276645002,-0.536799936907
/home/bhaswati/Machine_Learning/30apr2k15/pfd/index132180HR_1947-43_IA_search_DM5.120_ACCEL_50_ACCEL_Cand_180.pfd,105.124384355,46.5858935004,0.805995574741,0.967911056367,1.57451510429,0.521481215954,0.368144995897,-0.690145995841
/home/bhaswati/Machine_Learning/30apr2k15/pfd/index4014HR_1938-50_IA_search_DM421.00_ACCEL_50_ACCEL_Cand_4.pfd,107.016874762,52.6602804029,0.8014553683,0.51226257752,1.80126154423,0.72913902998,0.608604307933,-0.508416293173
/home/bhaswati/Machine_Learning/30apr2k15/pfd/index221743HR_2141-52_IA_search_DM15.690_ACCEL_50_ACCEL_Cand_43.pfd,103.102662468,71.4106283477,0.929156608736,0.0676109383223,0.775818705559,0.395511358976,0.903892006364,0.251083362884
/home/bhaswati/Machine_Learning/30apr2k15/pfd/index375645HR_1938-50_IA_search_DM35.150_ACCEL_50_ACCEL_Cand_45.pfd,89.8977316597,116.898935704,0.698737645437,-1.5,1.34406626225,1.50494742393,1.98821408976,3.69670031587
/home/bhaswati/Machine_Learning/30apr2k15/pfd/index166620HR_1946-50_IA_search_DM382.40_ACCEL_50_ACCEL_Cand_20.pfd,81.6054248907,70.3599935785,0.678504493884,-0.464205070148,0.768463432789,0.224126711488,0.250653016792,-0.375483689689
/home/bhaswati/Machine_Learning/30apr2k15/pfd/index559HR_1946-50_IA_search_DM499.50_ACCEL_50_ACCEL_Cand_59.pfd,88.2710392098,74.2296430758,1.06175282733,-0.197932492151,18.6681976318,7.53107881546,0.735103645255,-0.21631853951
/home/bhaswati/Machine_Learning/30apr2k15/pfd/index238335HR_2141-52_IA_search_DM21.430_ACCEL_50_ACCEL_Cand_35.pfd,94.4481426002,85.6382388336,0.763151779643,-0.596447265826,2.92376375198,2.56594944,1.32193948694,0.717835135387
/home/bhaswati/Machine_Learning/30apr2k15/pfd/index21924HR_1938-50_IA_search_DM32.725_ACCEL_50_ACCEL_Cand_24.pfd,102.131846601,61.0250701429,0.691835199715,-0.166975640692,6.3329539299,3.18255853653,0.577086566024,-0.586369788358
/home/bhaswati/Machine_Learning/30apr2k15/pfd/index90070HR_1954-50_IA_search_DM20.230_ACCEL_50_ACCEL_Cand_70.pfd,95.7199767541,75.0400135373,0.751850070338,-0.669347468216,2.31307768822,0.727358818054,0.472380793148,-1.24147908047
/home/bhaswati/Machine_Learning/30apr2k15/pfd/index83820HR_2141-52_IA_search_DM213.30_ACCEL_50_ACCEL_Cand_20.pfd,95.0357588749,57.6502065486,0.800655189027,0.53335430737,0.865062177181,0.143324896693,-0.283100763585,-0.497877676372
/home/bhaswati/Machine_Learning/30apr2k15/pfd/index43721HR_1946-50_IA_search_DM418.50_ACCEL_50_ACCEL_Cand_21.pfd,96.5883173553,51.0190261188,0.795372387348,0.669544534521,1.28241991997,0.362109065056,0.45136033116,-0.643468556031
/home/bhaswati/Machine_Learning/30apr2k15/pfd/index2098151HR_2141-52_IA_search_DM6.280_ACCEL_50_ACCEL_Cand_151.pfd,86.3092960661,86.6478084325,1.00200375316,-0.423552661964,1.95601391792,0.427947461605,0.286596059066,0.136202584298
/home/bhaswati/Machine_Learning/30apr2k15/pfd/index6057HR_2141-52_IA_search_DM499.50_ACCEL_50_ACCEL_Cand_57.pfd,98.9502641982,41.542051275,0.818489034682,1.6554575131,2.66755700111,0.472260355949,0.701453758055,0.429866752566
/home/bhaswati/Machine_Learning/30apr2k15/pfd/index318866HR_1946-50_IA_search_DM28.200_ACCEL_50_ACCEL_Cand_66.pfd,89.551185677,117.122692152,0.699906565212,-1.5,2.09925913811,2.19532513618,1.79411849261,2.91034015005
/home/bhaswati/Machine_Learning/30apr2k15/pfd/index22442HR_1946-50_IA_search_DM4.510_ACCEL_50_ACCEL_Cand_42.pfd,99.4070991347,65.4595541187,0.675550911098,-0.354751416039,69.4726409912,70.867767334,2.12205580528,3.9391439134
/home/bhaswati/Machine_Learning/30apr2k15/pfd/index227577HR_2141-52_IA_search_DM2.330_ACCEL_50_ACCEL_Cand_77.pfd,95.3336086592,86.2767002278,0.749800252702,-0.810209408288,1.54473781586,0.480569243431,0.116090811261,-0.246295307189
/home/bhaswati/Machine_Learning/30apr2k15/pfd/index280839HR_1946-50_IA_search_DM28.475_ACCEL_50_ACCEL_Cand_39.pfd,95.2679946571,80.7169273537,0.932679741873,-0.0532329947088,1.92193925381,0.973441004753,0.882882469149,0.556970127476
/home/bhaswati/Machine_Learning/30apr2k15/pfd/index65HR_1946-50_IA_search_DM461.00_ACCEL_50_ACCEL_Cand_5.pfd,96.2328441088,74.0990357837,0.746144474031,-0.683733439798,20.3798446655,4.58363294601,0.617151050107,-0.0155642629111
/home/bhaswati/Machine_Learning/30apr2k15/pfd/index265236HR_2141-52_IA_search_DM31.125_ACCEL_50_ACCEL_Cand_36.pfd,93.6398662755,114.588469366,0.680068938993,-1.5,0.448858350515,0.333472311497,0.825779942168,-0.350161188947
/home/bhaswati/Machine_Learning/30apr2k15/pfd/index282785HR_1946-50_IA_search_DM14.850_ACCEL_50_ACCEL_Cand_85.pfd,98.7509852707,83.0272340447,0.713681031609,-0.452015157903,2.95648312569,1.48294901848,0.319761331819,-0.854104173979
/home/bhaswati/Machine_Learning/30apr2k15/pfd/index96825HR_2141-52_IA_search_DM222.20_ACCEL_50_ACCEL_Cand_25.pfd,91.8939591318,51.1915876772,0.680858266942,0.697404190619,0.940162062645,0.170732527971,0.173079731371,0.109051097422
/home/bhaswati/Machine_Learning/30apr2k15/pfd/index89950HR_1954-50_IA_search_DM18.790_ACCEL_50_ACCEL_Cand_50.pfd,81.3305991544,67.5954593592,1.03125783342,0.0474884645718,2.17479467392,0.937777221203,0.204230463626,-0.950541886433
/home/bhaswati/Machine_Learning/30apr2k15/pfd/index21115HR_1938-50_IA_search_DM32.300_ACCEL_50_ACCEL_Cand_15.pfd,109.45504839,66.2342491906,0.657727340326,-0.442131977467,7.83503437042,4.39619064331,0.756904327771,-0.101820575258
/home/bhaswati/Machine_Learning/30apr2k15/pfd/index1651163HR_2141-52_IA_search_DM1.750_ACCEL_50_ACCEL_Cand_163.pfd,119.987370568,60.8619995911,0.73148611924,-0.0290397261376,1.51555109024,0.515656650066,0.848837283637,0.384543497048
/home/bhaswati/Machine_Learning/30apr2k15/pfd/index2131151HR_1946-50_IA_search_DM5.280_ACCEL_50_ACCEL_Cand_151.pfd,82.8518032854,66.010485629,1.30143759811,1.58543054986,0.49699524045,0.198543637991,0.446692162062,-0.507231170248
/home/bhaswati/Machine_Learning/30apr2k15/pfd/index1772125HR_1938-50_IA_search_DM3.060_ACCEL_50_ACCEL_Cand_125.pfd,97.1306801553,61.0717983689,0.710664943052,0.0128413396323,1.82822787762,0.567483782768,0.580704698977,-0.608474272089
/home/bhaswati/Machine_Learning/30apr2k15/pfd/index220646HR_1946-50_IA_search_DM42.550_ACCEL_50_ACCEL_Cand_46.pfd,69.7227161138,65.5157148443,1.83651580709,3.04226568466,1.06538248062,0.428049325943,0.987309375007,1.09946564573
/home/bhaswati/Machine_Learning/30apr2k15/pfd/index3282164HR_1946-50_IA_search_DM10.890_ACCEL_50_ACCEL_Cand_164.pfd,96.9429701886,112.716299362,0.653899652072,-1.5,1.43812060356,1.22788584232,1.19925194288,0.850289211116
/home/bhaswati/Machine_Learning/30apr2k15/pfd/index66920HR_1947-43_IA_search_DM249.20_ACCEL_50_ACCEL_Cand_20.pfd,108.240881111,50.4555336102,0.722933534044,0.857001931809,0.913849949837,0.17079308629,-0.128110724717,-0.549925517867
/home/bhaswati/Machine_Learning/30apr2k15/pfd/index301930HR_1938-50_IA_search_DM45.825_ACCEL_50_ACCEL_Cand_30.pfd,81.9017382389,85.0899182125,1.15277285909,0.084483658722,1.07990825176,0.560602486134,0.447367473466,-0.653726050246
/home/bhaswati/Machine_Learning/30apr2k15/pfd/index192951HR_1938-50_IA_search_DM26.525_ACCEL_50_ACCEL_Cand_51.pfd,102.227914929,61.1998240746,0.69354661816,0.437352872655,2.1510155201,0.932439506054,0.695679763358,0.181461408817
/home/bhaswati/Machine_Learning/30apr2k15/pfd/index2416126HR_2141-52_IA_search_DM2.020_ACCEL_50_ACCEL_Cand_126.pfd,91.7089372864,107.488030064,0.697402729252,-1.46182814422,1.71044480801,0.825353682041,0.139664079758,-0.865553237146
/home/bhaswati/Machine_Learning/30apr2k15/pfd/index15611HR_1938-50_IA_search_DM39.250_ACCEL_50_ACCEL_Cand_11.pfd,92.6559975648,74.6293419669,0.75489601019,-0.820821061502,7.82131481171,3.99259161949,1.32877678129,0.99634960069
/home/bhaswati/Machine_Learning/30apr2k15/pfd/index295468HR_1938-50_IA_search_DM43.450_ACCEL_50_ACCEL_Cand_68.pfd,100.489536353,71.3757524298,0.721411262114,0.0558799480843,1.99763476849,0.755875885487,0.626320629341,-0.134554846908
/home/bhaswati/Machine_Learning/30apr2k15/pfd/index359251HR_1938-50_IA_search_DM39.900_ACCEL_50_ACCEL_Cand_51.pfd,90.1842088548,116.715194116,0.69770169584,-1.5,2.19132065773,1.70778930187,0.498697108942,-0.814054747652
/home/bhaswati/Machine_Learning/30apr2k15/pfd/index83511HR_1938-50_IA_search_DM131.10_ACCEL_50_ACCEL_Cand_11.pfd,90.6557490381,54.4906841611,0.906710019577,0.387667111471,3.71935915947,0.703866779804,-0.438567124969,-1.15104995768
/home/bhaswati/Machine_Learning/30apr2k15/pfd/index275951HR_1946-50_IA_search_DM21.370_ACCEL_50_ACCEL_Cand_51.pfd,96.6123855815,104.872886057,0.681130086154,-1.46221969513,4.49559497833,3.65444755554,0.872145565092,-0.473762619611
/home/bhaswati/Machine_Learning/30apr2k15/pfd/index3452HR_1954-50_IA_search_DM121.10_ACCEL_50_ACCEL_Cand_2.pfd,102.442308035,73.8989826727,0.713633334449,-0.903100191417,8.11811923981,3.58940505981,0.175040434145,-1.06710373818
/home/bhaswati/Machine_Learning/30apr2k15/pfd/index1976164HR_2141-52_IA_search_DM5.500_ACCEL_50_ACCEL_Cand_164.pfd,91.4394259306,71.3385929442,0.791498787899,0.0313116545229,0.864692389965,0.296269953251,0.925515907979,0.591863125944
/home/bhaswati/Machine_Learning/30apr2k15/pfd/index256341HR_2141-52_IA_search_DM22.210_ACCEL_50_ACCEL_Cand_41.pfd,97.5407267384,87.0512756193,0.865625055354,-0.52515691968,2.5246553421,1.65316224098,1.34733712588,1.62587186155
/home/bhaswati/Machine_Learning/30apr2k15/pfd/index3734HR_1947-43_IA_search_DM30.375_ACCEL_50_ACCEL_Cand_34.pfd,66.912790332,42.5537986015,2.20668295638,7.16582258273,6.37402963638,5.74937486649,2.02006402208,3.5774310094
/home/bhaswati/Machine_Learning/30apr2k15/pfd/index293254HR_1946-50_IA_search_DM19.960_ACCEL_50_ACCEL_Cand_54.pfd,91.4468306729,83.8449742264,0.997159036239,-0.307566371217,0.793320596218,0.486598879099,0.426598736116,-1.2197375522
/home/bhaswati/Machine_Learning/30apr2k15/pfd/index2839180HR_1946-50_IA_search_DM12.270_ACCEL_50_ACCEL_Cand_180.pfd,96.5770099738,81.1890163677,0.880377425377,-0.186946701713,4.25909614563,2.14645552635,0.63198793282,-0.0648471480272
/home/bhaswati/Machine_Learning/30apr2k15/pfd/index159267HR_2141-52_IA_search_DM3.090_ACCEL_50_ACCEL_Cand_67.pfd,86.3465594031,69.2058320264,0.919823891426,-0.0752250347471,2.44018268585,1.25094461441,0.567299375158,-0.807652860481
/home/bhaswati/Machine_Learning/30apr2k15/pfd/index251637HR_1938-50_IA_search_DM18.370_ACCEL_50_ACCEL_Cand_37.pfd,95.6575938563,76.0462007515,0.707740024363,-0.52095943674,1.33346319199,0.385732799768,0.457372432271,-0.875532062538
/home/bhaswati/Machine_Learning/30apr2k15/pfd/index98514HR_1947-43_IA_search_DM98.850_ACCEL_50_ACCEL_Cand_14.pfd,108.748715309,57.7879268226,0.694119402454,-0.0796124083311,2.5158765316,0.817257940769,0.715691212061,-0.627410384428
/home/bhaswati/Machine_Learning/30apr2k15/pfd/index242894HR_2141-52_IA_search_DM1.610_ACCEL_50_ACCEL_Cand_94.pfd,104.91977544,80.0390856568,0.692906602106,-0.40521009173,0.975644469261,0.454322069883,0.446329909288,-0.725033817523
/home/bhaswati/Machine_Learning/30apr2k15/pfd/index90321HR_1946-50_IA_search_DM246.50_ACCEL_50_ACCEL_Cand_21.pfd,87.9722926778,51.0401211941,0.780988703239,0.545547173834,1.03393816948,0.163840159774,0.153813164295,-0.210378808066
/home/bhaswati/Machine_Learning/30apr2k15/pfd/index160453HR_1946-50_IA_search_DM2.610_ACCEL_50_ACCEL_Cand_53.pfd,106.639173177,60.2192929641,0.742728141075,0.203653302858,2.92496061325,1.31639051437,0.914838952959,-0.358202795468
/home/bhaswati/Machine_Learning/30apr2k15/pfd/index104347HR_1947-43_IA_search_DM27.650_ACCEL_50_ACCEL_Cand_47.pfd,98.1196363021,49.6873801093,0.658225690334,0.757212910545,1.0746948719,0.236834749579,0.0769864356052,-1.12759016422
/home/bhaswati/Machine_Learning/30apr2k15/pfd/index363424HR_1938-50_IA_search_DM39.525_ACCEL_50_ACCEL_Cand_24.pfd,91.0217422973,116.184450638,0.694306879167,-1.5,0.920993089676,0.848244786263,0.905211095236,-0.400037715781
/home/bhaswati/Machine_Learning/30apr2k15/pfd/index204310HR_1938-50_IA_search_DM243.00_ACCEL_50_ACCEL_Cand_10.pfd,68.8825533121,58.5165463796,1.48900921208,2.29646888039,1.37515747547,0.498823076487,0.511159953494,-0.233007091001
/home/bhaswati/Machine_Learning/30apr2k15/pfd/index1624HR_2141-52_IA_search_DM376.40_ACCEL_50_ACCEL_Cand_24.pfd,86.594045138,60.6525549774,1.01761317444,0.0880099673516,12.5371780396,8.37568092346,2.21210373867,5.33705184351
/home/bhaswati/Machine_Learning/30apr2k15/pfd/index2939125HR_1946-50_IA_search_DM1.770_ACCEL_50_ACCEL_Cand_125.pfd,93.1738692895,93.8059611457,0.655575574365,-1.12563312689,9.87504482269,2.94242310524,0.248129127875,-0.457515032662
/home/bhaswati/Machine_Learning/30apr2k15/pfd/index270718HR_1946-50_IA_search_DM42.050_ACCEL_50_ACCEL_Cand_18.pfd,102.152282288,83.9298060796,0.717093460814,-0.719125462753,0.707743287086,0.601860702038,2.25994127722,6.11001939297
/home/bhaswati/Machine_Learning/30apr2k15/pfd/index51735HR_1947-43_IA_search_DM24.310_ACCEL_50_ACCEL_Cand_35.pfd,99.2664260516,73.6508052724,0.790145252434,-0.63893262962,6.14911031723,2.88084578514,0.431673473465,-1.03597162756
/home/bhaswati/Machine_Learning/30apr2k15/pfd/index158448HR_1938-50_IA_search_DM13.010_ACCEL_50_ACCEL_Cand_48.pfd,97.8748322619,56.4951286135,1.00997970567,0.657556188216,1.66848099232,0.665835797787,0.723607288358,-0.340392746942
/home/bhaswati/Machine_Learning/30apr2k15/pfd/index2042112HR_1946-50_IA_search_DM6.570_ACCEL_50_ACCEL_Cand_112.pfd,106.20669068,57.7935305027,0.865109965166,1.67171504423,1.10180330276,0.545901477337,0.735013808965,0.193890729438
/home/bhaswati/Machine_Learning/30apr2k15/pfd/index2050107HR_1946-50_IA_search_DM11.690_ACCEL_50_ACCEL_Cand_107.pfd,87.8214495265,74.9057057711,0.934718669385,-0.150756597268,1.03523433208,0.433165878057,0.445336556773,-0.683785576839
/home/bhaswati/Machine_Learning/30apr2k15/pfd/index247952HR_2141-52_IA_search_DM16.620_ACCEL_50_ACCEL_Cand_52.pfd,74.7072358684,85.3056778284,1.36500642328,0.500604862075,0.863692939281,0.538845837116,1.10149214076,0.644753617065
/home/bhaswati/Machine_Learning/30apr2k15/pfd/index2109104HR_1946-50_IA_search_DM6.200_ACCEL_50_ACCEL_Cand_104.pfd,99.9510590812,68.4593547046,0.664875423355,-0.171602917806,1.69103765488,0.486815243959,-0.164965572973,-0.983775759944
/home/bhaswati/Machine_Learning/30apr2k15/pfd/index208638HR_2141-52_IA_search_DM42.425_ACCEL_50_ACCEL_Cand_38.pfd,106.935066855,72.239718093,0.755054689095,-0.272303436054,1.01889431477,0.375037521124,0.423571595421,-0.0584561899297
/home/bhaswati/Machine_Learning/30apr2k15/pfd/index96333HR_2141-52_IA_search_DM220.60_ACCEL_50_ACCEL_Cand_33.pfd,94.0235866838,52.71441354,0.676262892555,1.07572400653,0.999574303627,0.134778380394,0.509620728345,0.747712311989
/home/bhaswati/Machine_Learning/30apr2k15/pfd/index2123144HR_1938-50_IA_search_DM8.500_ACCEL_50_ACCEL_Cand_144.pfd,92.9887333784,64.2003538636,0.672684132383,0.0442213852475,0.978832006454,0.324130505323,0.717899921929,-0.241557301458
/home/bhaswati/Machine_Learning/30apr2k15/pfd/index360684HR_1938-50_IA_search_DM15.690_ACCEL_50_ACCEL_Cand_84.pfd,87.9822673711,118.1558394,0.704067306328,-1.5,5.5070643425,3.42797064781,1.04564582246,1.13207871633
/home/bhaswati/Machine_Learning/30apr2k15/pfd/index168456HR_2141-52_IA_search_DM1.980_ACCEL_50_ACCEL_Cand_56.pfd,67.0617409678,61.2482920831,1.70306087743,2.76425229439,2.60715150833,1.094627738,0.376243609855,-0.828904491957
/home/bhaswati/Machine_Learning/30apr2k15/pfd/index1547145HR_1947-43_IA_search_DM1.750_ACCEL_50_ACCEL_Cand_145.pfd,84.3068807143,80.1644735492,1.39328649957,0.638199077489,1.53720378876,0.867490947247,0.622619843222,-0.167200130134
/home/bhaswati/Machine_Learning/30apr2k15/pfd/index182020HR_1946-50_IA_search_DM84.050_ACCEL_50_ACCEL_Cand_20.pfd,97.3990855242,66.4371536057,0.732432252504,-0.100396901085,1.26070642471,0.50541806221,0.554813307989,0.213129688885
/home/bhaswati/Machine_Learning/30apr2k15/pfd/index22514HR_1938-50_IA_search_DM7.880_ACCEL_50_ACCEL_Cand_14.pfd,86.0716840439,78.2868615912,0.807770557862,-0.83835551984,42.1161270142,31.6294155121,0.434821706079,-0.935775864732
/home/bhaswati/Machine_Learning/30apr2k15/pfd/index224867HR_2141-52_IA_search_DM9.310_ACCEL_50_ACCEL_Cand_67.pfd,102.138658259,85.3007056788,0.787928568603,-0.821561493175,4.91916513443,2.19451451302,0.600514252962,-0.902429904856
/home/bhaswati/Machine_Learning/30apr2k15/pfd/index308996HR_1938-50_IA_search_DM7.350_ACCEL_50_ACCEL_Cand_96.pfd,87.852949178,91.5462790704,0.694786137377,-0.828556268304,3.37722921371,1.57658493519,0.365253041351,-0.68035864309
/home/bhaswati/Machine_Learning/30apr2k15/pfd/index2731140HR_1938-50_IA_search_DM9.450_ACCEL_50_ACCEL_Cand_140.pfd,82.5162168381,86.4031402897,0.717039422611,-0.829878184165,1.7562353611,0.812135219574,-0.223136012486,-0.999448610911
/home/bhaswati/Machine_Learning/30apr2k15/pfd/index224732HR_2141-52_IA_search_DM15.790_ACCEL_50_ACCEL_Cand_32.pfd,87.5614005825,85.8434703932,0.711382484589,-0.762421059347,2.26607060432,0.872195780277,0.354164454745,-0.488604317063
/home/bhaswati/Machine_Learning/30apr2k15/pfd/index324933HR_1938-50_IA_search_DM39.350_ACCEL_50_ACCEL_Cand_33.pfd,82.7536412741,84.151074018,1.2075341893,0.12427732182,1.73825061321,0.826990842819,0.146742568658,-0.633508465269
