Candidate,Profile Mean,Profile STDEV,Profile Skew,Profile Kurt,DM Mean,DM STDEV,DM Skew,DM Kurt
/home/bhaswati/Machine_Learning/30apr2k15/pfd/index316346HR_1938-50_IA_search_DM32.925_ACCEL_50_ACCEL_Cand_46.pfd,80.3599005422,82.0768783481,1.40035741597,0.599625097884,2.81334877014,1.72633612156,1.2657215952,1.08990412482
/home/bhaswati/Machine_Learning/30apr2k15/pfd/index17710HR_1947-43_IA_search_DM37.675_ACCEL_50_ACCEL_Cand_10.pfd,95.7960459434,69.8380636476,0.803552524159,-0.637563406004,22.7615509033,17.6792049408,1.01133848504,-0.432274320276
/home/bhaswati/Machine_Learning/30apr2k15/pfd/index201074HR_2141-52_IA_search_DM5.190_ACCEL_50_ACCEL_Cand_74.pfd,72.1170808812,66.6318915909,1.65718370624,2.39898632986,0.720706999302,0.186982795596,0.364821413106,0.390402669309
/home/bhaswati/Machine_Learning/30apr2k15/pfd/index270325HR_1938-50_IA_search_DM37.100_ACCEL_50_ACCEL_Cand_25.pfd,49.9493026684,76.8784826256,2.03518751765,2.6838300246,0.75229036808,0.319398224354,1.53410157198,3.84122932007
/home/bhaswati/Machine_Learning/30apr2k15/pfd/index1852115HR_2141-52_IA_search_DM5.740_ACCEL_50_ACCEL_Cand_115.pfd,87.6325844315,63.547099793,1.50933590184,1.81746707799,1.16810071468,0.489967495203,-0.0340305612036,-1.15944071041
/home/bhaswati/Machine_Learning/30apr2k15/pfd/index7332HR_1938-50_IA_search_DM81.500_ACCEL_50_ACCEL_Cand_2.pfd,101.510371875,54.4125751352,0.895828773096,0.531084275181,9.3884305954,3.12045955658,0.0627131364399,-1.24741179795
/home/bhaswati/Machine_Learning/30apr2k15/pfd/index14029HR_1938-50_IA_search_DM4.140_ACCEL_50_ACCEL_Cand_9.pfd,93.4605342041,65.3406068459,0.838496591897,-0.46223443703,17.7635421753,5.42924690247,-0.0389352633608,-1.28282493565
/home/bhaswati/Machine_Learning/30apr2k15/pfd/index502HR_1954-50_IA_search_DM92.650_ACCEL_50_ACCEL_Cand_2.pfd,93.1807444726,63.5455696202,0.968113114932,-0.0691216949669,8.15456199646,4.40526676178,1.05080834826,0.140942997161
/home/bhaswati/Machine_Learning/30apr2k15/pfd/index7383HR_1938-50_IA_search_DM39.325_ACCEL_50_ACCEL_Cand_3.pfd,104.095942796,67.2737342792,0.797966366208,-0.581745112462,16.1348705292,7.68987464905,0.597754068895,-0.664873658776
/home/bhaswati/Machine_Learning/30apr2k15/pfd/index51324HR_1947-43_IA_search_DM13.650_ACCEL_50_ACCEL_Cand_24.pfd,86.0136628205,77.8307550986,0.888052978488,-0.670765606117,41.4878807068,29.1691226959,0.311759395952,-1.36852409588
/home/bhaswati/Machine_Learning/30apr2k15/pfd/index35675HR_1954-50_IA_search_DM1.550_ACCEL_50_ACCEL_Cand_75.pfd,94.2554792807,65.4048890786,0.912553351945,0.0172926140395,48.0897407532,29.436624527,0.782850913839,-0.784988634881
/home/bhaswati/Machine_Learning/30apr2k15/pfd/index1721HR_1946-50_IA_search_DM81.350_ACCEL_50_ACCEL_Cand_1.pfd,83.5024201725,89.583381747,0.835584625707,-0.969319338497,62.1970100403,47.706905365,1.61033354296,2.12370352993
/home/bhaswati/Machine_Learning/30apr2k15/pfd/index1571HR_1938-50_IA_search_DM39.575_ACCEL_50_ACCEL_Cand_1.pfd,77.115389287,77.6292554425,1.07411717362,-0.304718570299,31.1383686066,20.4710330963,1.54859702948,1.66166903672
/home/bhaswati/Machine_Learning/30apr2k15/pfd/index4231HR_1947-43_IA_search_DM31.450_ACCEL_50_ACCEL_Cand_31.pfd,83.6757788728,61.6401352178,1.40599710105,1.13248653272,5.24387741089,3.42054843903,0.41687056983,-0.991411372299
/home/bhaswati/Machine_Learning/30apr2k15/pfd/index1972HR_1946-50_IA_search_DM81.350_ACCEL_50_ACCEL_Cand_2.pfd,95.278542564,71.2949165024,0.816118384331,-0.424918689304,19.612033844,19.9107208252,1.69869637007,1.6257461354
/home/bhaswati/Machine_Learning/30apr2k15/pfd/index1958HR_1938-50_IA_search_DM16.280_ACCEL_50_ACCEL_Cand_8.pfd,92.1985793781,78.2077072022,0.818326875612,-0.660730084457,26.1715927124,20.3748245239,0.81709530832,-0.777533141627
/home/bhaswati/Machine_Learning/30apr2k15/pfd/index559HR_1946-50_IA_search_DM499.50_ACCEL_50_ACCEL_Cand_59.pfd,88.2710392098,74.2296430758,1.06175282733,-0.197932492151,18.6681976318,7.53107881546,0.735103645255,-0.21631853951
/home/bhaswati/Machine_Learning/30apr2k15/pfd/index220646HR_1946-50_IA_search_DM42.550_ACCEL_50_ACCEL_Cand_46.pfd,69.7227161138,65.5157148443,1.83651580709,3.04226568466,1.06538248062,0.428049325943,0.987309375007,1.09946564573
/home/bhaswati/Machine_Learning/30apr2k15/pfd/index3734HR_1947-43_IA_search_DM30.375_ACCEL_50_ACCEL_Cand_34.pfd,66.912790332,42.5537986015,2.20668295638,7.16582258273,6.37402963638,5.74937486649,2.02006402208,3.5774310094
/home/bhaswati/Machine_Learning/30apr2k15/pfd/index1624HR_2141-52_IA_search_DM376.40_ACCEL_50_ACCEL_Cand_24.pfd,86.594045138,60.6525549774,1.01761317444,0.0880099673516,12.5371780396,8.37568092346,2.21210373867,5.33705184351
/home/bhaswati/Machine_Learning/30apr2k15/pfd/index247952HR_2141-52_IA_search_DM16.620_ACCEL_50_ACCEL_Cand_52.pfd,74.7072358684,85.3056778284,1.36500642328,0.500604862075,0.863692939281,0.538845837116,1.10149214076,0.644753617065
/home/bhaswati/Machine_Learning/30apr2k15/pfd/index1547145HR_1947-43_IA_search_DM1.750_ACCEL_50_ACCEL_Cand_145.pfd,84.3068807143,80.1644735492,1.39328649957,0.638199077489,1.53720378876,0.867490947247,0.622619843222,-0.167200130134
/home/bhaswati/Machine_Learning/30apr2k15/pfd/index22514HR_1938-50_IA_search_DM7.880_ACCEL_50_ACCEL_Cand_14.pfd,86.0716840439,78.2868615912,0.807770557862,-0.83835551984,42.1161270142,31.6294155121,0.434821706079,-0.935775864732
