Candidate,Profile Mean,Profile STDEV,Profile Skew,Profile Kurt,DM Mean,DM STDEV,DM Skew,DM Kurt
/home/bhaswati/Machine_Learning/14jun2k15/pfd/index241428HR_1947-43_IA_search_DM45.300_ACCEL_50_ACCEL_Cand_28.pfd,93.7969310228,114.495824015,0.67903543495,-1.5,2.17868113518,2.01669168472,1.04232353269,0.327488763308
/home/bhaswati/Machine_Learning/14jun2k15/pfd/index232936HR_1947-43_IA_search_DM44.725_ACCEL_50_ACCEL_Cand_36.pfd,87.3477688827,118.582896437,0.705236319028,-1.5,5.05604362488,2.87268662453,0.57324336421,-0.335349313955
/home/bhaswati/Machine_Learning/14jun2k15/pfd/index55312HR_0018-53_IA_search_DM17.210_ACCEL_50_ACCEL_Cand_12.pfd,103.993557988,70.2845995576,0.6940876763,-0.631608503277,68.5511245728,20.8241539001,0.318212228283,-0.286047402497
/home/bhaswati/Machine_Learning/14jun2k15/pfd/index9857HR_0036-53_IA_search_DM109.90_ACCEL_50_ACCEL_Cand_7.pfd,94.5856411304,54.9629659264,0.843038596967,0.116666845435,7.38831472397,3.52385568619,0.167045585201,-1.18187590041
/home/bhaswati/Machine_Learning/14jun2k15/pfd/index160631HR_0018-53_IA_search_DM51.850_ACCEL_50_ACCEL_Cand_31.pfd,89.930017172,61.2372638018,0.803431563217,0.448769224375,1.88442707062,0.704653918743,-0.00965679975627,-0.606493272014
/home/bhaswati/Machine_Learning/14jun2k15/pfd/index5041HR_0027-53_IA_search_DM60.400_ACCEL_50_ACCEL_Cand_1.pfd,69.0100048404,57.1858377264,1.442388928,1.78606518938,19.6797294617,9.60516262054,1.27322357275,0.414367325312
/home/bhaswati/Machine_Learning/14jun2k15/pfd/index63413HR_0018-53_IA_search_DM229.40_ACCEL_50_ACCEL_Cand_13.pfd,88.9100360059,62.0507996098,0.655277835136,-0.1989615423,24.8095970154,7.86212587357,-0.699202915462,-0.451407301096
/home/bhaswati/Machine_Learning/14jun2k15/pfd/index2275HR_0203-52_IA_search_DM89.250_ACCEL_50_ACCEL_Cand_5.pfd,95.6945376429,69.7946926459,0.857841967148,-0.47759025066,8.12915611267,4.92264556885,1.1365076849,0.593305524797
/home/bhaswati/Machine_Learning/14jun2k15/pfd/index21353HR_0203-52_IA_search_DM495.00_ACCEL_50_ACCEL_Cand_53.pfd,89.3523080863,55.8372668389,0.76786422374,0.0915109188471,1.62470138073,0.251187741756,0.436833825281,0.42481879006
/home/bhaswati/Machine_Learning/14jun2k15/pfd/index254414HR_1947-43_IA_search_DM49.750_ACCEL_50_ACCEL_Cand_14.pfd,95.3499191656,113.599099448,0.667693073875,-1.5,1.21210753918,1.05823528767,1.23032311147,1.33235014811
/home/bhaswati/Machine_Learning/14jun2k15/pfd/index439147HR_0000-53_IA_search_DM1.210_ACCEL_50_ACCEL_Cand_147.pfd,96.9414285355,70.0671589606,0.696560609356,-0.833864937168,20.6703052521,15.5690803528,0.468020499437,-1.46679210725
/home/bhaswati/Machine_Learning/14jun2k15/pfd/index2419HR_0009-53_IA_search_DM6.470_ACCEL_50_ACCEL_Cand_9.pfd,110.360501345,69.5902946022,0.709588184654,-0.572985145847,115.187858582,58.5873413086,0.368291283768,-0.821399763545
/home/bhaswati/Machine_Learning/14jun2k15/pfd/index6978HR_0203-52_IA_search_DM30.475_ACCEL_50_ACCEL_Cand_8.pfd,97.911738821,84.0706099634,0.670084984286,-1.10618004326,63.1183891296,38.8855857849,0.449793613074,-1.25089732411
/home/bhaswati/Machine_Learning/14jun2k15/pfd/index51748HR_0000-53_IA_search_DM2.370_ACCEL_50_ACCEL_Cand_48.pfd,83.5488667053,66.1411396515,0.917585726754,0.118421869167,98.5444107056,73.5095825195,0.547064194759,-0.972679095567
/home/bhaswati/Machine_Learning/14jun2k15/pfd/index70122HR_0203-52_IA_search_DM30.650_ACCEL_50_ACCEL_Cand_22.pfd,90.2661098915,79.5960177623,0.803149533773,-0.865508910176,52.2856140137,31.8548336029,0.486229638738,-1.20243113973
/home/bhaswati/Machine_Learning/14jun2k15/pfd/index2375237HR_0036-53_IA_search_DM1.860_ACCEL_50_ACCEL_Cand_237.pfd,88.1392911804,86.3760371846,0.908430658596,-0.387063882165,0.874723434448,0.568203508854,1.11434161271,0.326537295699
/home/bhaswati/Machine_Learning/14jun2k15/pfd/index179564HR_0203-52_IA_search_DM24.550_ACCEL_50_ACCEL_Cand_64.pfd,108.289147777,72.8845870462,0.776369621916,-0.817034897552,2.09807348251,1.10567104816,0.186242863953,-1.31501986065
/home/bhaswati/Machine_Learning/14jun2k15/pfd/index51531HR_0000-53_IA_search_DM17.210_ACCEL_50_ACCEL_Cand_31.pfd,101.829817353,63.4929552447,0.707641797944,-0.10731258494,11.3430700302,4.78290605545,0.338677000444,-1.20535796882
/home/bhaswati/Machine_Learning/14jun2k15/pfd/index13539HR_1947-43_IA_search_DM330.20_ACCEL_50_ACCEL_Cand_39.pfd,90.721605647,43.2544436586,0.752243380459,1.90331560181,3.15630745888,0.634210050106,0.646421528449,-0.464501355083
/home/bhaswati/Machine_Learning/14jun2k15/pfd/index246446HR_1947-43_IA_search_DM42.900_ACCEL_50_ACCEL_Cand_46.pfd,91.2812632597,116.02195388,0.693142927209,-1.5,4.61294603348,5.08530855179,1.48831002849,1.70128275789
/home/bhaswati/Machine_Learning/14jun2k15/pfd/index4235HR_0027-53_IA_search_DM32.650_ACCEL_50_ACCEL_Cand_5.pfd,101.456294389,73.155249402,0.724753768323,-0.697333929961,84.8590240479,54.0060157776,0.531414391542,-1.04763686731
/home/bhaswati/Machine_Learning/14jun2k15/pfd/index38122HR_0203-52_IA_search_DM428.00_ACCEL_50_ACCEL_Cand_22.pfd,104.29804713,63.1436679444,0.657336006601,-0.300246480206,1.25074076653,0.16938687861,0.089476447758,-0.861025059142
/home/bhaswati/Machine_Learning/14jun2k15/pfd/index1196HR_0027-53_IA_search_DM2.060_ACCEL_50_ACCEL_Cand_196.pfd,81.3410235517,51.5026572727,1.30421525823,2.04979543582,28.1967391968,16.0411071777,2.29934467273,4.51265470689
/home/bhaswati/Machine_Learning/14jun2k15/pfd/index158621HR_1947-43_IA_search_DM45.450_ACCEL_50_ACCEL_Cand_21.pfd,87.5468197685,66.612725167,0.831247844666,0.312530424411,0.858787536621,0.341607004404,1.08884790359,0.524111482861
/home/bhaswati/Machine_Learning/14jun2k15/pfd/index47936HR_2308-53_IA_search_DM34.075_ACCEL_50_ACCEL_Cand_36.pfd,92.8274132275,73.2384414215,0.654014135421,-0.98276322626,12.2215232849,7.60605239868,0.582986613274,-1.20926836585
/home/bhaswati/Machine_Learning/14jun2k15/pfd/index217552HR_0018-53_IA_search_DM31.175_ACCEL_50_ACCEL_Cand_52.pfd,90.07000841,116.788306524,0.69812225397,-1.5,0.44443321228,0.456794559956,1.64757439765,2.08640544626
/home/bhaswati/Machine_Learning/14jun2k15/pfd/index212827HR_0036-53_IA_search_DM149.10_ACCEL_50_ACCEL_Cand_27.pfd,83.4913395786,61.2042537184,0.876862632102,0.561770188005,0.870391488075,0.239334747195,0.793075838797,1.02328674623
/home/bhaswati/Machine_Learning/14jun2k15/pfd/index6031HR_0018-53_IA_search_DM4.600_ACCEL_50_ACCEL_Cand_1.pfd,79.9922344159,74.9921119615,1.10696822135,-0.0157191356538,871.02166748,483.54598999,-0.345271324867,-1.41753828335
/home/bhaswati/Machine_Learning/14jun2k15/pfd/index5823HR_0000-53_IA_search_DM87.550_ACCEL_50_ACCEL_Cand_3.pfd,86.497670611,73.79725024,0.728482385416,-0.855042777141,8.87564659119,5.59863185883,0.638438800835,-1.08730830418
/home/bhaswati/Machine_Learning/14jun2k15/pfd/index206861HR_0027-53_IA_search_DM19.660_ACCEL_50_ACCEL_Cand_61.pfd,86.5576680441,119.121992478,0.706290747137,-1.5,1.0593996048,0.692145049572,1.12418183716,1.36740884146
/home/bhaswati/Machine_Learning/14jun2k15/pfd/index1800178HR_0203-52_IA_search_DM2.300_ACCEL_50_ACCEL_Cand_178.pfd,102.19766598,79.0732096851,0.787845261937,-0.761369576935,1.61553144455,0.664273381233,0.688892332166,-0.754166479059
/home/bhaswati/Machine_Learning/14jun2k15/pfd/index248853HR_1947-43_IA_search_DM13.750_ACCEL_50_ACCEL_Cand_53.pfd,86.2918071231,119.305198212,0.706547238059,-1.5,0.884552717209,0.812633275986,0.97602875493,0.175024192345
/home/bhaswati/Machine_Learning/14jun2k15/pfd/index43646HR_0203-52_IA_search_DM430.00_ACCEL_50_ACCEL_Cand_46.pfd,81.0756792488,43.7728425793,1.11444576704,2.46777054061,1.17385363579,0.202349126339,0.413912451738,-0.200836829072
/home/bhaswati/Machine_Learning/14jun2k15/pfd/index142299HR_0000-53_IA_search_DM1.830_ACCEL_50_ACCEL_Cand_99.pfd,94.2716158655,82.4775810234,0.945599641266,-0.265606555689,5.50318336487,1.66749751568,-0.0562266002304,-0.845699970501
/home/bhaswati/Machine_Learning/14jun2k15/pfd/index93422HR_0036-53_IA_search_DM10.690_ACCEL_50_ACCEL_Cand_22.pfd,101.8137108,73.8306364532,0.670123525962,-0.731087036151,91.7379760742,74.2795333862,0.653292580421,-0.86456597982
/home/bhaswati/Machine_Learning/14jun2k15/pfd/index163895HR_1947-43_IA_search_DM5.430_ACCEL_50_ACCEL_Cand_95.pfd,96.884120866,82.5099758644,0.711526507802,-0.978673882614,4.02907896042,0.879006385803,0.432818690018,-0.586159567334
/home/bhaswati/Machine_Learning/14jun2k15/pfd/index71421HR_0203-52_IA_search_DM19.000_ACCEL_50_ACCEL_Cand_21.pfd,93.9944080303,78.6635607499,0.712355977964,-0.91290042736,70.6736602783,33.2479362488,0.510637482249,-0.655746632381
/home/bhaswati/Machine_Learning/14jun2k15/pfd/index71615HR_0203-52_IA_search_DM19.300_ACCEL_50_ACCEL_Cand_15.pfd,95.460068354,71.7588158597,0.866450917654,-0.485174042988,166.415618896,115.864219666,1.00148265686,0.396453908009
/home/bhaswati/Machine_Learning/14jun2k15/pfd/index1780174HR_0018-53_IA_search_DM5.930_ACCEL_50_ACCEL_Cand_174.pfd,86.4551134826,79.7163095109,0.807662299118,-0.674934343907,1.21973788738,0.447614580393,0.504136204983,-0.430405669218
/home/bhaswati/Machine_Learning/14jun2k15/pfd/index42725HR_0018-53_IA_search_DM452.00_ACCEL_50_ACCEL_Cand_25.pfd,73.6255588399,45.696800733,1.11696041676,2.37339462893,1.41173696518,0.207485184073,0.191256231956,-0.311411159237
/home/bhaswati/Machine_Learning/14jun2k15/pfd/index46021HR_2308-53_IA_search_DM48.825_ACCEL_50_ACCEL_Cand_21.pfd,89.7449631839,61.4428933184,0.729485766429,-0.324204623876,4.7032418251,2.66341352463,1.07698676988,-0.221816970811
/home/bhaswati/Machine_Learning/14jun2k15/pfd/index37056HR_1947-43_IA_search_DM499.00_ACCEL_50_ACCEL_Cand_56.pfd,114.623933889,52.505628474,0.720137545436,0.25148032961,1.80808544159,0.322812944651,0.0389838978077,-0.831679273504
/home/bhaswati/Machine_Learning/14jun2k15/pfd/index220832HR_0018-53_IA_search_DM38.675_ACCEL_50_ACCEL_Cand_32.pfd,95.7256459408,113.387473522,0.66463873557,-1.5,1.23914945126,0.698805809021,0.602576017151,-0.206707911731
/home/bhaswati/Machine_Learning/14jun2k15/pfd/index213126HR_0018-53_IA_search_DM41.000_ACCEL_50_ACCEL_Cand_26.pfd,91.791111779,115.705442378,0.690699910325,-1.5,0.923169076443,0.687936604023,1.29351367832,3.15989178975
/home/bhaswati/Machine_Learning/14jun2k15/pfd/index232132HR_1947-43_IA_search_DM46.675_ACCEL_50_ACCEL_Cand_32.pfd,92.8570877861,115.055476764,0.684913186887,-1.5,2.44743967056,1.63488805294,0.143111608031,-0.889452025236
/home/bhaswati/Machine_Learning/14jun2k15/pfd/index2174210HR_0203-52_IA_search_DM1.850_ACCEL_50_ACCEL_Cand_210.pfd,93.0374617171,82.3890555797,0.948431949969,-0.187864007096,0.958829343319,0.305906355381,0.224924063427,-0.836209255141
/home/bhaswati/Machine_Learning/14jun2k15/pfd/index1727115HR_0203-52_IA_search_DM1.730_ACCEL_50_ACCEL_Cand_115.pfd,82.5903686217,62.7740224402,0.812642509386,-0.248935630291,4.48909807205,2.10749793053,0.477719799483,-0.923418610426
/home/bhaswati/Machine_Learning/14jun2k15/pfd/index58714HR_0154-52_IA_search_DM82.900_ACCEL_50_ACCEL_Cand_14.pfd,92.01701327,58.7528706939,0.809350608133,-0.195778161015,3.21823215485,1.28775501251,0.55185117539,-0.420815640425
/home/bhaswati/Machine_Learning/14jun2k15/pfd/index61029HR_0000-53_IA_search_DM4.700_ACCEL_50_ACCEL_Cand_29.pfd,95.0562099247,65.1369467219,1.03203001634,0.243057403991,58.7516059875,23.2386245728,-0.426755832789,-0.943256232534
/home/bhaswati/Machine_Learning/14jun2k15/pfd/index93529HR_0154-52_IA_search_DM6.800_ACCEL_50_ACCEL_Cand_29.pfd,106.366582851,73.2119918961,0.697883582807,-0.85464467598,9.93470478058,7.08414936066,0.309877380985,-1.41073646379
/home/bhaswati/Machine_Learning/14jun2k15/pfd/index2419112HR_0036-53_IA_search_DM1.060_ACCEL_50_ACCEL_Cand_112.pfd,96.898226377,112.740574319,0.654317348074,-1.5,2.31216573715,1.35884535313,0.210299545213,-1.37858313223
/home/bhaswati/Machine_Learning/14jun2k15/pfd/index21118HR_0154-52_IA_search_DM60.050_ACCEL_50_ACCEL_Cand_18.pfd,84.9031150138,71.7527381186,0.982130022478,-0.20422149864,12.9184455872,5.93824481964,0.0895101359172,-1.21884634013
/home/bhaswati/Machine_Learning/14jun2k15/pfd/index1321HR_2308-53_IA_search_DM54.650_ACCEL_50_ACCEL_Cand_1.pfd,111.439005532,65.6207326072,0.711256901196,-0.495470501425,14.3145275116,11.7964057922,1.69396742385,2.03149730297
/home/bhaswati/Machine_Learning/14jun2k15/pfd/index74182HR_0000-53_IA_search_DM3.300_ACCEL_50_ACCEL_Cand_82.pfd,105.336381797,74.6492986781,0.686233765679,-1.02708973662,11.4508113861,6.70946073532,0.136563182257,-1.34481071124
/home/bhaswati/Machine_Learning/14jun2k15/pfd/index2537102HR_1947-43_IA_search_DM4.030_ACCEL_50_ACCEL_Cand_102.pfd,90.3719440288,116.595390477,0.696988378241,-1.5,0.441014558077,0.347421258688,0.620612974004,-0.953238623037
/home/bhaswati/Machine_Learning/14jun2k15/pfd/index149355HR_0009-53_IA_search_DM23.990_ACCEL_50_ACCEL_Cand_55.pfd,95.5933547083,113.461746979,0.665728065989,-1.5,0.277629166842,0.207273811102,0.937437633359,0.783795463915
/home/bhaswati/Machine_Learning/14jun2k15/pfd/index2257174HR_0203-52_IA_search_DM1.090_ACCEL_50_ACCEL_Cand_174.pfd,96.985298178,112.693362957,0.653502886346,-1.5,7.25637149811,4.46332454681,0.745642226421,0.408491203369
/home/bhaswati/Machine_Learning/14jun2k15/pfd/index2058119HR_1947-43_IA_search_DM2.920_ACCEL_50_ACCEL_Cand_119.pfd,79.4269658106,95.8239760095,1.00641956911,-0.571822640933,0.826181173325,0.492534011602,0.961325920253,0.673550666234
/home/bhaswati/Machine_Learning/14jun2k15/pfd/index352HR_0203-52_IA_search_DM57.400_ACCEL_50_ACCEL_Cand_52.pfd,93.6452582715,53.9497757819,0.702707576498,0.338060522721,82.4855728149,72.1063308716,1.45853990969,1.0406334978
/home/bhaswati/Machine_Learning/14jun2k15/pfd/index152081HR_0154-52_IA_search_DM1.720_ACCEL_50_ACCEL_Cand_81.pfd,90.2202420531,93.5115903938,0.67724866831,-1.03103750485,2.48699951172,1.13635838032,0.729634393325,0.683071393771
/home/bhaswati/Machine_Learning/14jun2k15/pfd/index64535HR_0036-53_IA_search_DM495.50_ACCEL_50_ACCEL_Cand_35.pfd,96.5084300885,42.2431573691,0.659987561929,2.11226402349,1.48091506958,0.35199534893,0.813768285334,0.148224840152
/home/bhaswati/Machine_Learning/14jun2k15/pfd/index50924HR_2308-53_IA_search_DM22.990_ACCEL_50_ACCEL_Cand_24.pfd,82.6117541631,74.6824171243,0.963915268888,-0.500696238371,17.2558364868,9.22077560425,0.00303967174358,-1.39402579758
/home/bhaswati/Machine_Learning/14jun2k15/pfd/index1954124HR_0018-53_IA_search_DM15.040_ACCEL_50_ACCEL_Cand_124.pfd,66.087023509,72.2437137745,1.8354309076,2.31762784126,0.497909128666,0.197959288955,0.457503883603,-0.426433972021
/home/bhaswati/Machine_Learning/14jun2k15/pfd/index6315HR_0018-53_IA_search_DM153.30_ACCEL_50_ACCEL_Cand_5.pfd,105.305531155,69.5345002369,0.769107867057,-0.44889699992,8.28849887848,2.67451953888,-0.657163125305,-0.602453956059
/home/bhaswati/Machine_Learning/14jun2k15/pfd/index1708101HR_1947-43_IA_search_DM5.950_ACCEL_50_ACCEL_Cand_101.pfd,78.9876749242,82.2912551864,0.825070188787,-0.551477738016,1.86319851875,0.617751002312,-0.117456153715,-0.656451029596
/home/bhaswati/Machine_Learning/14jun2k15/pfd/index54752HR_0018-53_IA_search_DM24.660_ACCEL_50_ACCEL_Cand_52.pfd,85.8321506052,50.9483297628,1.05630109502,1.03199135123,2.98897480965,0.814744949341,0.00620180488262,-0.626757814784
/home/bhaswati/Machine_Learning/14jun2k15/pfd/index177499HR_1947-43_IA_search_DM5.930_ACCEL_50_ACCEL_Cand_99.pfd,89.085241338,79.2046164019,0.78990912564,-0.641622036572,5.88797664642,1.98009717464,0.52814816958,-0.931083553068
/home/bhaswati/Machine_Learning/14jun2k15/pfd/index2009154HR_0203-52_IA_search_DM6.200_ACCEL_50_ACCEL_Cand_154.pfd,98.5410939441,67.9477622652,0.757861727863,0.187829270811,1.17845094204,0.472977876663,0.300380378585,-0.534667341202
/home/bhaswati/Machine_Learning/14jun2k15/pfd/index1567169HR_0154-52_IA_search_DM1.720_ACCEL_50_ACCEL_Cand_169.pfd,96.0134426701,86.4061805616,0.708443797677,-0.728529725193,2.55630397797,0.993079483509,0.460325376364,-0.869969722765
/home/bhaswati/Machine_Learning/14jun2k15/pfd/index1450100HR_0036-53_IA_search_DM2.090_ACCEL_50_ACCEL_Cand_100.pfd,94.6479566818,85.6525943704,0.664811589308,-1.09111749565,60.6301956177,41.2334327698,0.755251906371,-0.0977144075927
/home/bhaswati/Machine_Learning/14jun2k15/pfd/index16665HR_0009-53_IA_search_DM4.210_ACCEL_50_ACCEL_Cand_65.pfd,93.1176181757,62.7962792575,0.868654552825,-0.122546690803,42.1325454712,40.3353424072,1.68423697924,1.83602348458
/home/bhaswati/Machine_Learning/14jun2k15/pfd/index27245HR_2308-53_IA_search_DM440.50_ACCEL_50_ACCEL_Cand_45.pfd,94.660641019,55.9501490317,0.666854195539,-0.0246105397477,1.47400939465,0.389833211899,0.564148628084,-0.695359752461
/home/bhaswati/Machine_Learning/14jun2k15/pfd/index213460HR_1947-43_IA_search_DM37.725_ACCEL_50_ACCEL_Cand_60.pfd,92.5059000756,115.267836186,0.686922008519,-1.5,0.86459505558,0.667901158333,0.931381141083,0.201516109433
/home/bhaswati/Machine_Learning/14jun2k15/pfd/index6301HR_0154-52_IA_search_DM45.750_ACCEL_50_ACCEL_Cand_1.pfd,95.575250897,75.9438134603,0.80855732355,-0.850644722075,45.6590461731,19.4249324799,-0.106436449331,-1.20563377117
/home/bhaswati/Machine_Learning/14jun2k15/pfd/index1465179HR_0154-52_IA_search_DM2.020_ACCEL_50_ACCEL_Cand_179.pfd,90.794692882,86.3995212675,0.848920626563,-0.490275894475,0.845572590828,0.516059458256,0.626874549826,-0.642525272888
/home/bhaswati/Machine_Learning/14jun2k15/pfd/index1477123HR_0154-52_IA_search_DM1.860_ACCEL_50_ACCEL_Cand_123.pfd,95.1141106107,107.261818299,0.685374646632,-1.47708503665,1.1724780798,0.464867413044,-0.491757066903,-0.444004767661
/home/bhaswati/Machine_Learning/14jun2k15/pfd/index2343106HR_1947-43_IA_search_DM19.950_ACCEL_50_ACCEL_Cand_106.pfd,89.0414450363,117.454761078,0.701460022076,-1.5,1.83236193657,1.49373853207,1.10004016417,0.241678669527
/home/bhaswati/Machine_Learning/14jun2k15/pfd/index5606HR_0018-53_IA_search_DM17.210_ACCEL_50_ACCEL_Cand_6.pfd,93.1972998522,83.4581700624,0.766907083538,-0.925274123511,62.911605835,32.0506401062,0.679790139253,-0.597564983365
/home/bhaswati/Machine_Learning/14jun2k15/pfd/index146620HR_0036-53_IA_search_DM1.870_ACCEL_50_ACCEL_Cand_20.pfd,97.9627941216,62.2864517567,0.916259673995,0.109442012993,115.310752869,114.961425781,1.37722457885,0.817599555326
/home/bhaswati/Machine_Learning/14jun2k15/pfd/index95873HR_0036-53_IA_search_DM11.090_ACCEL_50_ACCEL_Cand_73.pfd,91.6297949164,76.5500890608,0.745083396153,-0.596020960065,83.4850006104,48.0019302368,0.362838946401,-0.693357804533
/home/bhaswati/Machine_Learning/14jun2k15/pfd/index6014HR_0018-53_IA_search_DM3.300_ACCEL_50_ACCEL_Cand_4.pfd,94.2038648351,76.3992907492,0.940559106309,-0.46427704722,1469.51123047,758.100463867,0.846713469467,-0.384340322119
/home/bhaswati/Machine_Learning/14jun2k15/pfd/index184988HR_1947-43_IA_search_DM7.320_ACCEL_50_ACCEL_Cand_88.pfd,96.7019251069,77.4637348784,0.836626408471,-0.0756656657516,0.911298930645,0.377854585648,-0.145070117774,-0.157018943473
/home/bhaswati/Machine_Learning/14jun2k15/pfd/index6062HR_0018-53_IA_search_DM54.650_ACCEL_50_ACCEL_Cand_2.pfd,98.5946254187,79.1052982092,0.693555487234,-0.986871051487,20.4326515198,9.91921615601,0.348638200338,-1.16466899235
/home/bhaswati/Machine_Learning/14jun2k15/pfd/index141976HR_0036-53_IA_search_DM14.020_ACCEL_50_ACCEL_Cand_76.pfd,107.056155661,71.9192737336,0.73504594575,-0.748373602421,13.3165149689,5.1474943161,0.151682343424,-1.50654982785
/home/bhaswati/Machine_Learning/14jun2k15/pfd/index57133HR_0154-52_IA_search_DM51.550_ACCEL_50_ACCEL_Cand_33.pfd,106.806956345,65.5707426741,0.666639775899,-0.649098590426,6.28911018372,3.43126392365,0.185549883229,-1.07466179248
/home/bhaswati/Machine_Learning/14jun2k15/pfd/index81535HR_0000-53_IA_search_DM4.710_ACCEL_50_ACCEL_Cand_35.pfd,100.27861353,73.3261999357,0.657125516691,-0.903019939229,14.5618534088,9.54337596893,0.763306620855,-0.617049371229
/home/bhaswati/Machine_Learning/14jun2k15/pfd/index1315141HR_2308-53_IA_search_DM1.960_ACCEL_50_ACCEL_Cand_141.pfd,99.6317204738,83.0790283867,0.671156055303,-0.483370656683,0.971134245396,0.38647544384,0.00448951968285,-0.558656922466
/home/bhaswati/Machine_Learning/14jun2k15/pfd/index4074HR_0027-53_IA_search_DM43.450_ACCEL_50_ACCEL_Cand_4.pfd,90.9827499965,86.6755493522,0.663469843683,-1.06787054408,42.5054740906,23.2532939911,0.558526196666,-0.866437450135
/home/bhaswati/Machine_Learning/14jun2k15/pfd/index2016191HR_0018-53_IA_search_DM1.860_ACCEL_50_ACCEL_Cand_191.pfd,105.522220058,77.4956055703,0.749601173191,-0.106505945685,0.649880170822,0.373540133238,0.563040777107,-0.533101977016
/home/bhaswati/Machine_Learning/14jun2k15/pfd/index2189101HR_1947-43_IA_search_DM3.730_ACCEL_50_ACCEL_Cand_101.pfd,89.1981477233,117.352306222,0.70100336083,-1.5,2.64388728142,2.17653894424,1.17822928744,0.821338611564
/home/bhaswati/Machine_Learning/14jun2k15/pfd/index151657HR_0000-53_IA_search_DM5.170_ACCEL_50_ACCEL_Cand_57.pfd,94.3838289601,114.152799215,0.674989902721,-1.5,1.10526990891,0.795314073563,0.026457977249,-1.21244907447
/home/bhaswati/Machine_Learning/14jun2k15/pfd/index138552HR_0154-52_IA_search_DM31.450_ACCEL_50_ACCEL_Cand_52.pfd,96.1909701289,81.762398715,0.727097960596,-0.641302365947,1.10483527184,0.688918411732,0.567879400697,-0.838936686279
/home/bhaswati/Machine_Learning/14jun2k15/pfd/index1453100HR_1947-43_IA_search_DM3.620_ACCEL_50_ACCEL_Cand_100.pfd,80.2191002629,60.5585204908,0.963564295593,0.492948716945,0.692968606949,0.242486506701,0.926434748039,-0.194800991371
/home/bhaswati/Machine_Learning/14jun2k15/pfd/index1473123HR_0154-52_IA_search_DM7.450_ACCEL_50_ACCEL_Cand_123.pfd,97.0345137933,86.5774795384,0.664259677399,-0.728570742245,1.81946659088,0.732810914516,0.829602579836,0.458871045196
/home/bhaswati/Machine_Learning/14jun2k15/pfd/index126728HR_0203-52_IA_search_DM34.725_ACCEL_50_ACCEL_Cand_28.pfd,102.475447756,72.4585289031,0.748242613252,-0.617395840875,5.71282911301,1.57401490211,0.306325577355,-1.4817307875
/home/bhaswati/Machine_Learning/14jun2k15/pfd/index11885HR_0027-53_IA_search_DM202.90_ACCEL_50_ACCEL_Cand_5.pfd,97.9974344042,63.5971025387,0.657869808145,-0.569387777371,1.60878992081,0.472840756178,-0.719970342833,-0.473099798448
/home/bhaswati/Machine_Learning/14jun2k15/pfd/index213332HR_0027-53_IA_search_DM46.675_ACCEL_50_ACCEL_Cand_32.pfd,89.8400087548,116.93609315,0.698938731441,-1.5,1.13763749599,1.13454627991,1.84969410794,3.33609458375
/home/bhaswati/Machine_Learning/14jun2k15/pfd/index85HR_0009-53_IA_search_DM200.30_ACCEL_50_ACCEL_Cand_5.pfd,103.307136622,66.9153223567,0.685746503246,-0.464396255416,115.014961243,151.581420898,1.74820150177,1.62686726516
/home/bhaswati/Machine_Learning/14jun2k15/pfd/index9423HR_0036-53_IA_search_DM36.300_ACCEL_50_ACCEL_Cand_3.pfd,95.6779284214,74.3168240784,0.768298687543,-0.7500178146,43.9432067871,16.362033844,0.242813150694,-1.19312233456
/home/bhaswati/Machine_Learning/14jun2k15/pfd/index102447HR_0036-53_IA_search_DM10.570_ACCEL_50_ACCEL_Cand_47.pfd,100.215742573,81.5377490989,0.664004318224,-1.0497050194,36.442905426,26.4415092468,0.600195021619,-1.01614303269
/home/bhaswati/Machine_Learning/14jun2k15/pfd/index1983HR_0000-53_IA_search_DM87.250_ACCEL_50_ACCEL_Cand_3.pfd,95.9296119856,70.1947123718,0.707223783873,-0.82737031228,7.33959674835,4.36058044434,1.43407930447,0.921163641583
/home/bhaswati/Machine_Learning/14jun2k15/pfd/index1946145HR_0027-53_IA_search_DM2.890_ACCEL_50_ACCEL_Cand_145.pfd,101.91678401,85.4482997903,0.76832056796,-0.509719445056,0.558568239212,0.388996243477,1.07856294971,1.20144580841
/home/bhaswati/Machine_Learning/14jun2k15/pfd/index99024HR_0036-53_IA_search_DM98.400_ACCEL_50_ACCEL_Cand_24.pfd,98.846674887,67.7582605463,0.770651675603,-0.63436485137,4.76651716232,2.77347207069,0.863269464925,-0.801311289389
/home/bhaswati/Machine_Learning/14jun2k15/pfd/index85979HR_0018-53_IA_search_DM4.750_ACCEL_50_ACCEL_Cand_79.pfd,80.9510115727,69.8754833995,0.993179034026,0.00298698401535,18.9756412506,17.6946640015,1.13846074827,-0.285344497237
/home/bhaswati/Machine_Learning/14jun2k15/pfd/index83865HR_0027-53_IA_search_DM1.140_ACCEL_50_ACCEL_Cand_65.pfd,84.924163372,67.5631326561,0.958121765481,-0.246122891487,33.8965568542,27.5289402008,0.491393095335,-1.30820758056
/home/bhaswati/Machine_Learning/14jun2k15/pfd/index2091157HR_0203-52_IA_search_DM7.060_ACCEL_50_ACCEL_Cand_157.pfd,103.24727439,77.1175366888,0.852580181294,0.042854788341,1.10031235218,0.530211448669,0.020135466801,-0.649904817616
/home/bhaswati/Machine_Learning/14jun2k15/pfd/index202949HR_0018-53_IA_search_DM33.050_ACCEL_50_ACCEL_Cand_49.pfd,81.5427953721,89.0270933258,1.0319983193,-0.380994504954,0.693559348583,0.391921460629,0.260899904658,-0.58177529852
/home/bhaswati/Machine_Learning/14jun2k15/pfd/index21316HR_0154-52_IA_search_DM60.300_ACCEL_50_ACCEL_Cand_16.pfd,93.8671122481,59.5219355801,0.838677614288,0.204556116221,10.8438367844,4.49543094635,0.755960301955,-0.196231474394
/home/bhaswati/Machine_Learning/14jun2k15/pfd/index232041HR_1947-43_IA_search_DM45.300_ACCEL_50_ACCEL_Cand_41.pfd,89.3818799307,117.232598518,0.70044434029,-1.5,1.66680264473,1.36946845055,0.544392697885,-1.01182183821
/home/bhaswati/Machine_Learning/14jun2k15/pfd/index43323HR_2308-53_IA_search_DM18.270_ACCEL_50_ACCEL_Cand_23.pfd,102.560390751,73.6345752483,0.700266676807,-0.761114991312,65.1724700928,22.5525760651,-0.194785744055,-1.00652000142
/home/bhaswati/Machine_Learning/14jun2k15/pfd/index1766112HR_0036-53_IA_search_DM5.650_ACCEL_50_ACCEL_Cand_112.pfd,102.646689567,67.6129479149,0.749865619344,-0.544064728796,5.90375804901,3.12386584282,-0.11289802632,-1.49649801833
/home/bhaswati/Machine_Learning/14jun2k15/pfd/index92348HR_1947-43_IA_search_DM2.760_ACCEL_50_ACCEL_Cand_48.pfd,108.484438153,71.7934418184,0.655730414347,-0.846152750844,23.0347480774,9.23602294922,-1.04673006931,-0.151715887074
/home/bhaswati/Machine_Learning/14jun2k15/pfd/index1763106HR_0036-53_IA_search_DM5.640_ACCEL_50_ACCEL_Cand_106.pfd,103.757810107,62.2348177109,0.815691225754,-0.302470484814,5.3551325798,2.82486176491,0.20440220107,-1.16233247296
/home/bhaswati/Machine_Learning/14jun2k15/pfd/index209631HR_1947-43_IA_search_DM32.625_ACCEL_50_ACCEL_Cand_31.pfd,77.5083004075,103.139541189,1.10961971635,-0.69872220699,1.27857577801,0.858396887779,0.810631995214,-0.169165142516
/home/bhaswati/Machine_Learning/14jun2k15/pfd/index45814HR_0027-53_IA_search_DM15.560_ACCEL_50_ACCEL_Cand_14.pfd,94.4891220998,83.0292742209,0.657825398782,-1.093802061,51.0977058411,28.6381893158,-0.231772682028,-1.14156707292
/home/bhaswati/Machine_Learning/14jun2k15/pfd/index1680106HR_1947-43_IA_search_DM6.100_ACCEL_50_ACCEL_Cand_106.pfd,84.3368393335,72.3852527313,1.01677578681,0.229899360396,0.999596357346,0.290099531412,0.44117445605,0.406774195504
/home/bhaswati/Machine_Learning/14jun2k15/pfd/index2495132HR_1947-43_IA_search_DM4.150_ACCEL_50_ACCEL_Cand_132.pfd,86.0272351032,119.488411389,0.706754039455,-1.5,2.66766285896,1.61033189297,0.738007730833,0.48258452974
/home/bhaswati/Machine_Learning/14jun2k15/pfd/index23745HR_0036-53_IA_search_DM40.150_ACCEL_50_ACCEL_Cand_45.pfd,103.614875041,62.3605382742,0.754803660418,-0.298617870991,5.47427415848,3.90179800987,1.02146798324,-0.37866998384
/home/bhaswati/Machine_Learning/14jun2k15/pfd/index213242HR_1947-43_IA_search_DM40.500_ACCEL_50_ACCEL_Cand_42.pfd,86.8891688044,118.894824197,0.705901923184,-1.5,0.69393324852,0.613424479961,1.43623998474,2.22770738778
/home/bhaswati/Machine_Learning/14jun2k15/pfd/index74018HR_0027-53_IA_search_DM145.90_ACCEL_50_ACCEL_Cand_18.pfd,88.7177692581,51.8015361534,0.9915634257,1.0523409272,1.50541043282,0.279961287975,-0.214921285807,-0.668584400657
/home/bhaswati/Machine_Learning/14jun2k15/pfd/index144482HR_0009-53_IA_search_DM1.810_ACCEL_50_ACCEL_Cand_82.pfd,99.5427765405,90.8540216547,0.701629457719,-1.12181082768,1.15022552013,0.569226324558,0.619459032537,-0.512829825621
/home/bhaswati/Machine_Learning/14jun2k15/pfd/index2766HR_0203-52_IA_search_DM42.725_ACCEL_50_ACCEL_Cand_6.pfd,101.15558705,77.2728572045,0.699310177532,-0.867038184798,38.1524238586,21.1293678284,0.562672968378,0.0565174882006
/home/bhaswati/Machine_Learning/14jun2k15/pfd/index77892HR_1947-43_IA_search_DM17.350_ACCEL_50_ACCEL_Cand_92.pfd,93.6347386811,60.2282230139,0.841932531558,0.00679088220803,2.29039978981,0.834006726742,0.00966085472548,-1.01594868359
/home/bhaswati/Machine_Learning/14jun2k15/pfd/index92312HR_0036-53_IA_search_DM32.950_ACCEL_50_ACCEL_Cand_12.pfd,96.1284741178,82.6553713772,0.683727891854,-1.07857296198,23.9173164368,11.1317958832,0.454243495977,-1.1600068727
/home/bhaswati/Machine_Learning/14jun2k15/pfd/index19920HR_0000-53_IA_search_DM231.70_ACCEL_50_ACCEL_Cand_20.pfd,88.8178800028,61.0296778182,1.12537502436,0.655806956331,34.071182251,12.1582384109,0.441314490573,-0.761327374671
/home/bhaswati/Machine_Learning/14jun2k15/pfd/index210864HR_0027-53_IA_search_DM19.660_ACCEL_50_ACCEL_Cand_64.pfd,90.6438689472,116.422715964,0.695906516588,-1.5,0.782017111778,0.706449627876,1.33415404422,0.832900608123
/home/bhaswati/Machine_Learning/14jun2k15/pfd/index37532HR_0018-53_IA_search_DM421.50_ACCEL_50_ACCEL_Cand_32.pfd,82.8895334423,49.149662291,0.873672705183,0.922546965057,1.44761395454,0.292502701283,-0.0431193404927,-0.893188058112
/home/bhaswati/Machine_Learning/14jun2k15/pfd/index212181HR_0036-53_IA_search_DM10.370_ACCEL_50_ACCEL_Cand_181.pfd,97.6746608637,52.829326891,0.784960067208,0.601556980636,3.81381344795,1.84012448788,0.564320332534,-1.31020373322
/home/bhaswati/Machine_Learning/14jun2k15/pfd/index1993122HR_0018-53_IA_search_DM8.970_ACCEL_50_ACCEL_Cand_122.pfd,100.013871079,68.0409739146,0.930357699302,0.558739479448,1.39821732044,0.569503128529,-0.21468815115,-1.04350528586
/home/bhaswati/Machine_Learning/14jun2k15/pfd/index61613HR_2308-53_IA_search_DM226.80_ACCEL_50_ACCEL_Cand_13.pfd,97.9464785382,41.5814400776,0.789097450099,2.26097103638,0.951479315758,0.153140455484,0.220279232789,0.140949348018
/home/bhaswati/Machine_Learning/14jun2k15/pfd/index31966HR_0203-52_IA_search_DM483.50_ACCEL_50_ACCEL_Cand_66.pfd,86.2397831971,51.4900043617,0.755993515241,0.739039305789,1.17486906052,0.174825772643,0.0987049215214,0.0148240282785
/home/bhaswati/Machine_Learning/14jun2k15/pfd/index63955HR_0000-53_IA_search_DM14.330_ACCEL_50_ACCEL_Cand_55.pfd,106.664699224,68.1274382729,0.667631556447,-0.742431515954,5.16408920288,4.02188444138,0.843263651703,-0.800078635758
/home/bhaswati/Machine_Learning/14jun2k15/pfd/index2115217HR_0203-52_IA_search_DM1.040_ACCEL_50_ACCEL_Cand_217.pfd,88.633306532,88.6463734613,0.800965532271,-0.634969971828,5.68028402328,2.52976608276,0.277216506184,-0.274347777364
/home/bhaswati/Machine_Learning/14jun2k15/pfd/index38323HR_0018-53_IA_search_DM463.00_ACCEL_50_ACCEL_Cand_23.pfd,89.6714909401,46.2433435125,0.666153415005,1.24635688513,1.21634066105,0.256486982107,0.712333492201,-0.0454972152328
/home/bhaswati/Machine_Learning/14jun2k15/pfd/index32457HR_0203-52_IA_search_DM434.00_ACCEL_50_ACCEL_Cand_57.pfd,102.635525389,39.1524838078,0.678657531328,2.3816571338,1.18360865116,0.258236080408,0.534535786863,-0.287864538873
/home/bhaswati/Machine_Learning/14jun2k15/pfd/index9324HR_0009-53_IA_search_DM181.80_ACCEL_50_ACCEL_Cand_4.pfd,94.5427525625,51.3793377186,0.700005390669,0.338241417966,1.63068318367,0.261005699635,0.0684839357637,-0.212129975818
/home/bhaswati/Machine_Learning/14jun2k15/pfd/index105769HR_0018-53_IA_search_DM1.320_ACCEL_50_ACCEL_Cand_69.pfd,84.7119636431,82.5113545596,0.8280487845,-0.845422660068,42.0661430359,35.2322387695,0.566567481287,-1.08977376659
/home/bhaswati/Machine_Learning/14jun2k15/pfd/index95533HR_0009-53_IA_search_DM2.490_ACCEL_50_ACCEL_Cand_33.pfd,88.7391890159,69.7412484272,0.812751956996,-0.566979422275,10.1620445251,3.90958333015,0.0508570403613,-1.48008115182
/home/bhaswati/Machine_Learning/14jun2k15/pfd/index185355HR_0027-53_IA_search_DM14.380_ACCEL_50_ACCEL_Cand_55.pfd,96.9328647099,79.8561060567,0.691621654908,-0.852717193415,1.14256632328,0.539117395878,0.381198604192,-0.686539319213
/home/bhaswati/Machine_Learning/14jun2k15/pfd/index1391136HR_0154-52_IA_search_DM5.870_ACCEL_50_ACCEL_Cand_136.pfd,90.7422873294,72.9021545326,0.982908302307,0.123830561464,0.74027556181,0.157983750105,0.777839163549,0.488750978581
/home/bhaswati/Machine_Learning/14jun2k15/pfd/index184469HR_0018-53_IA_search_DM18.160_ACCEL_50_ACCEL_Cand_69.pfd,86.1324005733,70.284625956,1.04791444175,0.437265756398,1.5436425209,0.442386984825,0.369557166727,-0.340753919005
/home/bhaswati/Machine_Learning/14jun2k15/pfd/index181961HR_1947-43_IA_search_DM38.700_ACCEL_50_ACCEL_Cand_61.pfd,101.497481646,73.1976152859,0.770559152313,-0.230688601378,0.564522147179,0.294004380703,1.93927169796,6.15409585337
/home/bhaswati/Machine_Learning/14jun2k15/pfd/index2417136HR_0036-53_IA_search_DM1.010_ACCEL_50_ACCEL_Cand_136.pfd,94.3254197692,114.186713531,0.675405560983,-1.5,3.86555838585,2.082426548,0.14550043512,-0.852043996459
/home/bhaswati/Machine_Learning/14jun2k15/pfd/index71622HR_1947-43_IA_search_DM233.70_ACCEL_50_ACCEL_Cand_22.pfd,101.413353614,50.6290204391,0.697923988013,0.27631029547,1.10465717316,0.231423586607,0.307469499734,-0.466130494738
/home/bhaswati/Machine_Learning/14jun2k15/pfd/index227786HR_0203-52_IA_search_DM47.300_ACCEL_50_ACCEL_Cand_86.pfd,93.4257705014,114.715326926,0.681444483592,-1.5,3.14461803436,2.37641048431,0.90344352261,0.284838171449
/home/bhaswati/Machine_Learning/14jun2k15/pfd/index1507102HR_1947-43_IA_search_DM5.850_ACCEL_50_ACCEL_Cand_102.pfd,100.395479339,73.000844165,0.857025273688,-0.237580718511,0.846358656883,0.272289037704,0.666758409634,-0.468077617382
/home/bhaswati/Machine_Learning/14jun2k15/pfd/index99933HR_0036-53_IA_search_DM31.875_ACCEL_50_ACCEL_Cand_33.pfd,88.8943600354,70.9308258254,0.977707508954,-0.165626421766,18.3928852081,9.08967399597,0.575937702436,-0.681121036897
/home/bhaswati/Machine_Learning/14jun2k15/pfd/index29913HR_0018-53_IA_search_DM421.00_ACCEL_50_ACCEL_Cand_13.pfd,102.064848023,59.8457966375,0.763509595855,0.165404468314,1.38257229328,0.318343251944,1.17739683875,1.41953541366
/home/bhaswati/Machine_Learning/14jun2k15/pfd/index1062246HR_0154-52_IA_search_DM1.230_ACCEL_50_ACCEL_Cand_246.pfd,101.005719088,62.7000620481,0.679615706764,-0.267395171774,2.28109669685,1.00987565517,1.17208862152,0.165246343155
/home/bhaswati/Machine_Learning/14jun2k15/pfd/index1469161HR_0154-52_IA_search_DM1.770_ACCEL_50_ACCEL_Cand_161.pfd,85.3682732885,99.1557992377,0.758737582064,-1.18307022133,0.600271642208,0.336695641279,0.704715323424,-0.246439742171
/home/bhaswati/Machine_Learning/14jun2k15/pfd/index328HR_0009-53_IA_search_DM495.00_ACCEL_50_ACCEL_Cand_8.pfd,109.759958736,69.0969264411,0.663494842043,-0.797052981576,17.6661300659,5.92633247375,0.658088430252,-0.823715907119
/home/bhaswati/Machine_Learning/14jun2k15/pfd/index10073HR_0000-53_IA_search_DM131.70_ACCEL_50_ACCEL_Cand_3.pfd,97.2432930656,59.092427085,0.875046555801,0.147902869848,2.85216712952,1.39776706696,0.162401820769,-1.67175421318
/home/bhaswati/Machine_Learning/14jun2k15/pfd/index134690HR_0000-53_IA_search_DM5.680_ACCEL_50_ACCEL_Cand_90.pfd,90.7865147339,68.9052223454,0.973759646353,0.38981163606,1.34753632545,0.542517900467,0.393037774155,-0.97351328814
/home/bhaswati/Machine_Learning/14jun2k15/pfd/index229685HR_1947-43_IA_search_DM21.240_ACCEL_50_ACCEL_Cand_85.pfd,89.7801444836,116.974676748,0.699144576521,-1.5,0.491053700447,0.358773142099,0.448946536553,-0.82491683083
/home/bhaswati/Machine_Learning/14jun2k15/pfd/index1282206HR_0154-52_IA_search_DM2.530_ACCEL_50_ACCEL_Cand_206.pfd,97.3488573668,68.934962755,0.673179016009,-0.518835994747,1.71727216244,0.846491992474,0.699728727775,-0.980982634932
/home/bhaswati/Machine_Learning/14jun2k15/pfd/index2409134HR_0036-53_IA_search_DM1.040_ACCEL_50_ACCEL_Cand_134.pfd,85.1151318395,120.126825056,0.707102396895,-1.5,14.7637109756,6.197889328,-0.00601910514252,-0.584154370875
/home/bhaswati/Machine_Learning/14jun2k15/pfd/index226139HR_1947-43_IA_search_DM46.675_ACCEL_50_ACCEL_Cand_39.pfd,87.0347405525,118.795515253,0.705706784142,-1.5,0.403337627649,0.407473802567,1.63677137915,2.55589999058
/home/bhaswati/Machine_Learning/14jun2k15/pfd/index37941HR_0203-52_IA_search_DM486.50_ACCEL_50_ACCEL_Cand_41.pfd,106.090865841,44.2778047188,0.795097721521,1.11603691542,1.32753133774,0.29515132308,0.422262596976,-0.607206245149
/home/bhaswati/Machine_Learning/14jun2k15/pfd/index233333HR_1947-43_IA_search_DM49.775_ACCEL_50_ACCEL_Cand_33.pfd,93.7784819253,114.506687851,0.679157903928,-1.5,0.39588329196,0.493682652712,1.87394041116,2.7384768353
/home/bhaswati/Machine_Learning/14jun2k15/pfd/index1356132HR_1947-43_IA_search_DM6.190_ACCEL_50_ACCEL_Cand_132.pfd,90.1575065602,51.6375677978,0.745144822937,0.641498591937,1.37866055965,0.363723009825,0.0160137096543,-0.575774815075
/home/bhaswati/Machine_Learning/14jun2k15/pfd/index85670HR_0018-53_IA_search_DM14.900_ACCEL_50_ACCEL_Cand_70.pfd,106.339779791,67.6245967911,0.798986233053,-0.616961936915,6.0299744606,2.96420884132,0.130728287977,-1.15540294377
/home/bhaswati/Machine_Learning/14jun2k15/pfd/index2148106HR_1947-43_IA_search_DM18.810_ACCEL_50_ACCEL_Cand_106.pfd,87.7560538883,118.307491331,0.704517421771,-1.5,1.29790866375,1.08698642254,0.466477160088,-0.774583388839
/home/bhaswati/Machine_Learning/14jun2k15/pfd/index1868136HR_0027-53_IA_search_DM6.320_ACCEL_50_ACCEL_Cand_136.pfd,101.059379523,77.9565597001,0.804938715683,-0.377226292716,0.825070619583,0.474880099297,0.477579137974,-1.1223159306
/home/bhaswati/Machine_Learning/14jun2k15/pfd/index1707121HR_0018-53_IA_search_DM8.130_ACCEL_50_ACCEL_Cand_121.pfd,86.7350714794,60.3186330908,1.30778739443,1.45926410515,0.862190008163,0.340578168631,-0.0814194577117,-1.15287405635
/home/bhaswati/Machine_Learning/14jun2k15/pfd/index148HR_2308-53_IA_search_DM280.40_ACCEL_50_ACCEL_Cand_8.pfd,102.978039515,63.8094568299,0.67379487111,-0.484580790506,22.1591014862,15.6965112686,1.46725300904,2.21784781186
/home/bhaswati/Machine_Learning/14jun2k15/pfd/index2028155HR_0203-52_IA_search_DM6.260_ACCEL_50_ACCEL_Cand_155.pfd,77.8127819393,72.0242359176,1.48936245857,1.00146354674,0.61561280489,0.288505285978,0.547030088012,-0.418891254442
/home/bhaswati/Machine_Learning/14jun2k15/pfd/index142174HR_0036-53_IA_search_DM14.170_ACCEL_50_ACCEL_Cand_74.pfd,94.7865875581,70.9146006945,0.688324118198,-0.797529096732,12.2407894135,3.57849597931,0.137606030984,-0.173028537738
/home/bhaswati/Machine_Learning/14jun2k15/pfd/index3734HR_0027-53_IA_search_DM77.850_ACCEL_50_ACCEL_Cand_4.pfd,109.512354975,66.8178918207,0.790426735618,-0.572220423863,5.34324598312,2.61741948128,0.774961917049,-0.673762967099
/home/bhaswati/Machine_Learning/14jun2k15/pfd/index1793164HR_0027-53_IA_search_DM5.870_ACCEL_50_ACCEL_Cand_164.pfd,95.5760347985,66.0011314488,0.858636661049,0.689663998028,0.839385092258,0.22246336937,-0.105067483098,-0.726488529712
/home/bhaswati/Machine_Learning/14jun2k15/pfd/index38035HR_0009-53_IA_search_DM476.50_ACCEL_50_ACCEL_Cand_35.pfd,83.2444376099,49.9220446821,0.684273903643,0.895415102834,1.43638193607,0.21960170567,0.282089919518,-0.614678168158
/home/bhaswati/Machine_Learning/14jun2k15/pfd/index6127HR_0018-53_IA_search_DM49.100_ACCEL_50_ACCEL_Cand_7.pfd,94.5981727183,71.7802174365,0.791639756117,-0.666988411107,11.9010057449,4.52005052567,0.174348776905,-1.17910270645
/home/bhaswati/Machine_Learning/14jun2k15/pfd/index246646HR_1947-43_IA_search_DM34.850_ACCEL_50_ACCEL_Cand_46.pfd,90.6522445764,116.417413472,0.695872276371,-1.5,0.547716915607,0.666789114475,3.59419623469,17.1989020202
/home/bhaswati/Machine_Learning/14jun2k15/pfd/index24129HR_0000-53_IA_search_DM472.00_ACCEL_50_ACCEL_Cand_29.pfd,113.608755585,49.6786908633,0.737878854184,0.60173561422,1.64891850948,0.315855711699,0.879739883896,1.67638685998
/home/bhaswati/Machine_Learning/14jun2k15/pfd/index189169HR_0027-53_IA_search_DM17.090_ACCEL_50_ACCEL_Cand_69.pfd,93.8773035959,76.2722436205,0.740509286647,-0.404047117123,0.59286481142,0.220834344625,0.584200418823,-0.429278409858
/home/bhaswati/Machine_Learning/14jun2k15/pfd/index201454HR_0027-53_IA_search_DM18.860_ACCEL_50_ACCEL_Cand_54.pfd,91.1832936986,116.083187039,0.693588598978,-1.5,1.25301980972,1.30122745037,0.807327933612,-0.748169712898
/home/bhaswati/Machine_Learning/14jun2k15/pfd/index59684HR_0009-53_IA_search_DM4.680_ACCEL_50_ACCEL_Cand_84.pfd,91.2696435001,67.5743388208,0.812662985251,-0.0947328610097,26.963350296,18.5659809113,0.811794378058,0.0935461693195
/home/bhaswati/Machine_Learning/14jun2k15/pfd/index1821HR_2308-53_IA_search_DM115.30_ACCEL_50_ACCEL_Cand_1.pfd,98.8098961369,64.101403457,0.704996447924,-0.253190657951,19.1471328735,4.60364675522,0.363006214385,0.187526017447
/home/bhaswati/Machine_Learning/14jun2k15/pfd/index2369122HR_1947-43_IA_search_DM4.300_ACCEL_50_ACCEL_Cand_122.pfd,86.4378645106,119.204437593,0.706412396137,-1.5,9.49920272827,4.31263303757,0.223219405908,-0.722147059923
/home/bhaswati/Machine_Learning/14jun2k15/pfd/index238277HR_0036-53_IA_search_DM25.180_ACCEL_50_ACCEL_Cand_77.pfd,92.0599627561,97.0738186889,0.653582281635,-1.09491228046,0.732955217361,0.667134046555,1.16839769874,0.529555838759
/home/bhaswati/Machine_Learning/14jun2k15/pfd/index56135HR_0009-53_IA_search_DM49.025_ACCEL_50_ACCEL_Cand_35.pfd,92.1630370649,67.4515799469,0.746837868957,-0.589722070619,3.10627985001,1.54613530636,0.342339294907,-0.988915945994
/home/bhaswati/Machine_Learning/14jun2k15/pfd/index214536HR_0018-53_IA_search_DM48.025_ACCEL_50_ACCEL_Cand_36.pfd,89.6768738739,117.041350556,0.699493224691,-1.5,1.56454479694,1.3792835474,1.18676559431,0.582213169081
/home/bhaswati/Machine_Learning/14jun2k15/pfd/index242785HR_0036-53_IA_search_DM18.980_ACCEL_50_ACCEL_Cand_85.pfd,85.4052720341,119.922609399,0.707052271108,-1.5,0.954642772675,0.692245841026,0.479425546597,-0.709767195798
/home/bhaswati/Machine_Learning/14jun2k15/pfd/index5947HR_0154-52_IA_search_DM22.400_ACCEL_50_ACCEL_Cand_7.pfd,99.140584479,74.304895284,0.669257290657,-0.92526283632,45.0189208984,23.2113208771,0.872212129251,-0.162563165048
/home/bhaswati/Machine_Learning/14jun2k15/pfd/index1969194HR_0203-52_IA_search_DM1.710_ACCEL_50_ACCEL_Cand_194.pfd,93.1742102877,79.8418024675,0.833357844196,-0.711791063059,0.559905707836,0.24135145545,0.443110639302,-0.594660103773
/home/bhaswati/Machine_Learning/14jun2k15/pfd/index135079HR_0027-53_IA_search_DM1.240_ACCEL_50_ACCEL_Cand_79.pfd,87.605589569,80.8780631564,0.748734596619,-0.992704344354,12.3652009964,8.55457115173,0.629155170967,-0.531093313811
/home/bhaswati/Machine_Learning/14jun2k15/pfd/index135127HR_0154-52_IA_search_DM63.600_ACCEL_50_ACCEL_Cand_27.pfd,97.2882772274,64.0311253958,0.962409231472,0.590764997729,1.09499156475,0.407701790333,0.473812552958,-0.995232178818
/home/bhaswati/Machine_Learning/14jun2k15/pfd/index2503HR_1947-43_IA_search_DM120.80_ACCEL_50_ACCEL_Cand_3.pfd,99.8146178027,60.9141631542,0.834952898692,0.204242497617,4.69444990158,2.23102259636,0.582309537083,-0.761509041236
/home/bhaswati/Machine_Learning/14jun2k15/pfd/index02HR_0009-53_IA_search_DM495.00_ACCEL_50_ACCEL_Cand_2.pfd,104.215224916,63.4061093295,0.729025299881,-0.190916210719,270.370941162,364.920959473,2.2092663015,4.05787955999
/home/bhaswati/Machine_Learning/14jun2k15/pfd/index49521HR_2308-53_IA_search_DM34.600_ACCEL_50_ACCEL_Cand_21.pfd,93.070353794,76.0334146385,0.821969363545,-0.572088301235,25.4445362091,22.7805957794,0.929659362586,-0.546699218217
/home/bhaswati/Machine_Learning/14jun2k15/pfd/index142428HR_0000-53_IA_search_DM47.325_ACCEL_50_ACCEL_Cand_28.pfd,101.945617068,85.1428238779,0.689079440323,-0.812437868316,3.00989317894,1.30079174042,-0.0581416384403,-0.665739421009
/home/bhaswati/Machine_Learning/14jun2k15/pfd/index1927226HR_0027-53_IA_search_DM1.710_ACCEL_50_ACCEL_Cand_226.pfd,85.73238307,85.1701090849,1.0255661115,-0.139150610954,0.887058019638,0.397836863995,0.320612018786,-0.516286340264
/home/bhaswati/Machine_Learning/14jun2k15/pfd/index242674HR_0036-53_IA_search_DM36.175_ACCEL_50_ACCEL_Cand_74.pfd,92.8722402671,115.04635365,0.68482423226,-1.5,2.47975468636,2.08357715607,0.900972194917,-0.0263891382934
/home/bhaswati/Machine_Learning/14jun2k15/pfd/index249640HR_1947-43_IA_search_DM43.350_ACCEL_50_ACCEL_Cand_40.pfd,96.2979710019,113.069152412,0.659750970553,-1.5,0.264800667763,0.209447219968,1.59125741661,2.86680328242
/home/bhaswati/Machine_Learning/14jun2k15/pfd/index102947HR_0154-52_IA_search_DM2.030_ACCEL_50_ACCEL_Cand_47.pfd,101.531409657,71.0517181499,0.863284348056,-0.36293676515,33.2227134705,21.5626735687,0.584588021899,-0.817043357426
/home/bhaswati/Machine_Learning/14jun2k15/pfd/index30926HR_2308-53_IA_search_DM459.00_ACCEL_50_ACCEL_Cand_26.pfd,95.6994047005,38.8012209754,0.884012098454,2.84517774453,1.10847330093,0.211893737316,0.268872435271,0.272407038638
/home/bhaswati/Machine_Learning/14jun2k15/pfd/index14085HR_1947-43_IA_search_DM211.10_ACCEL_50_ACCEL_Cand_5.pfd,108.762619215,49.0593657896,0.832054756614,1.33793426217,0.615524709225,0.186853528023,0.995415168644,1.11501332156
/home/bhaswati/Machine_Learning/14jun2k15/pfd/index2273171HR_0036-53_IA_search_DM3.590_ACCEL_50_ACCEL_Cand_171.pfd,85.8154571532,93.3729256364,0.785224091065,-0.884290268833,1.34259963036,0.76086807251,0.561722811786,-0.276600765587
/home/bhaswati/Machine_Learning/14jun2k15/pfd/index2093236HR_0036-53_IA_search_DM1.280_ACCEL_50_ACCEL_Cand_236.pfd,87.4867067503,65.1773244784,0.700824902943,-0.541492074544,1.5078881979,0.90867626667,0.569741547634,-1.20301316263
/home/bhaswati/Machine_Learning/14jun2k15/pfd/index133395HR_0000-53_IA_search_DM5.330_ACCEL_50_ACCEL_Cand_95.pfd,92.1387921629,70.5712425427,0.786099386895,0.175677870387,0.724365830421,0.265824824572,0.0323054009438,-1.1732414628
/home/bhaswati/Machine_Learning/14jun2k15/pfd/index311HR_0036-53_IA_search_DM373.20_ACCEL_50_ACCEL_Cand_11.pfd,78.1356497096,56.4143192004,0.940802272294,0.595933963117,65.7677459717,66.5989608765,1.67024085005,2.04989637897
/home/bhaswati/Machine_Learning/14jun2k15/pfd/index49413HR_2308-53_IA_search_DM34.600_ACCEL_50_ACCEL_Cand_13.pfd,99.8193780777,79.1938202807,0.726598363826,-0.812557197581,23.3100090027,21.307756424,0.836422445386,-0.780348459187
/home/bhaswati/Machine_Learning/14jun2k15/pfd/index217231HR_1947-43_IA_search_DM48.150_ACCEL_50_ACCEL_Cand_31.pfd,91.1337317359,116.114215042,0.693811157499,-1.5,0.623117685318,0.507992208004,0.842057981036,0.233793246642
/home/bhaswati/Machine_Learning/14jun2k15/pfd/index3339HR_0018-53_IA_search_DM67.250_ACCEL_50_ACCEL_Cand_39.pfd,106.303621022,71.9390176251,0.667376189486,-0.534041805366,28.5195655823,23.0031356812,0.926133350995,-0.451859864432
/home/bhaswati/Machine_Learning/14jun2k15/pfd/index70415HR_0203-52_IA_search_DM30.650_ACCEL_50_ACCEL_Cand_15.pfd,94.4422516319,79.1195592959,0.749029989125,-0.836622416439,62.6205711365,37.0892524719,0.472353472159,-1.19660417252
/home/bhaswati/Machine_Learning/14jun2k15/pfd/index125036HR_2308-53_IA_search_DM42.450_ACCEL_50_ACCEL_Cand_36.pfd,102.529278349,78.1169846063,0.695879125068,-0.471125696842,0.93600332737,0.474128216505,0.472384294056,-0.729509931439
/home/bhaswati/Machine_Learning/14jun2k15/pfd/index243571HR_0036-53_IA_search_DM47.075_ACCEL_50_ACCEL_Cand_71.pfd,90.7079150096,116.382193809,0.695643294,-1.5,1.35361742973,1.05701005459,0.451805750339,-0.687563333473
/home/bhaswati/Machine_Learning/14jun2k15/pfd/index1363114HR_0009-53_IA_search_DM5.290_ACCEL_50_ACCEL_Cand_114.pfd,93.3367098338,90.0367855304,0.725263705619,-0.946850549264,2.28657603264,0.613055706024,0.797275496126,0.558424597401
/home/bhaswati/Machine_Learning/14jun2k15/pfd/index173731HR_1947-43_IA_search_DM42.325_ACCEL_50_ACCEL_Cand_31.pfd,90.2543301972,66.5747564471,1.10996335544,1.04250312856,0.921978473663,0.435267150402,0.325120740679,-0.869794917555
/home/bhaswati/Machine_Learning/14jun2k15/pfd/index926HR_0027-53_IA_search_DM122.40_ACCEL_50_ACCEL_Cand_26.pfd,90.6529472368,67.0792684842,0.885062881155,-0.309691794122,82.2760772705,58.9633789062,0.773162706564,-0.152566870233
/home/bhaswati/Machine_Learning/14jun2k15/pfd/index984107HR_0203-52_IA_search_DM3.200_ACCEL_50_ACCEL_Cand_107.pfd,84.1683489796,75.9705352144,0.985104209937,-0.292456876138,100.465789795,61.5264282227,0.546982804726,-0.89258415722
/home/bhaswati/Machine_Learning/14jun2k15/pfd/index162622HR_0018-53_IA_search_DM243.30_ACCEL_50_ACCEL_Cand_22.pfd,106.506531376,60.379303075,0.952728564378,0.429766689553,1.06795656681,0.507223546505,1.45024725524,2.08034655234
/home/bhaswati/Machine_Learning/14jun2k15/pfd/index88034HR_0036-53_IA_search_DM97.200_ACCEL_50_ACCEL_Cand_34.pfd,94.4246492674,64.5955826357,0.757668460678,-0.562732333134,3.56617093086,1.44070279598,-0.0341978007069,-1.02074553178
/home/bhaswati/Machine_Learning/14jun2k15/pfd/index96HR_1947-43_IA_search_DM338.20_ACCEL_50_ACCEL_Cand_6.pfd,103.179452051,60.9524541803,0.824989284753,0.0907936392847,70.8553161621,46.4464035034,0.299819178632,-1.18079052403
/home/bhaswati/Machine_Learning/14jun2k15/pfd/index2107195HR_0018-53_IA_search_DM5.220_ACCEL_50_ACCEL_Cand_195.pfd,90.251159108,86.3546070915,1.14302116553,-0.105950316291,1.94604420662,1.27860343456,0.969960724261,0.940077249032
/home/bhaswati/Machine_Learning/14jun2k15/pfd/index2083217HR_0203-52_IA_search_DM2.030_ACCEL_50_ACCEL_Cand_217.pfd,82.6366252663,91.6466811731,0.828856096663,-0.639342279015,1.54763412476,0.460180342197,0.354604595747,-0.509920338598
/home/bhaswati/Machine_Learning/14jun2k15/pfd/index240041HR_0036-53_IA_search_DM49.775_ACCEL_50_ACCEL_Cand_41.pfd,85.4084905224,119.920349984,0.707051399801,-1.5,3.32456731796,3.3344669342,0.759801809136,-0.70543972956
/home/bhaswati/Machine_Learning/14jun2k15/pfd/index1260110HR_0027-53_IA_search_DM1.210_ACCEL_50_ACCEL_Cand_110.pfd,104.433786434,65.6071416586,0.786918903035,-0.444724230332,8.21270751953,2.65729928017,-0.698304773777,-0.528073155002
/home/bhaswati/Machine_Learning/14jun2k15/pfd/index1222133HR_0203-52_IA_search_DM16.620_ACCEL_50_ACCEL_Cand_133.pfd,98.0843224666,63.9188885926,0.845613663385,-0.341661170143,2.10231161118,0.736363470554,0.426865980504,-1.19642815071
/home/bhaswati/Machine_Learning/14jun2k15/pfd/index973164HR_0036-53_IA_search_DM2.510_ACCEL_50_ACCEL_Cand_164.pfd,97.2022400702,73.0341247596,0.678918924574,-0.396190520589,52.1777381897,45.6778755188,1.004200241,-0.254832823141
/home/bhaswati/Machine_Learning/14jun2k15/pfd/index193056HR_1947-43_IA_search_DM43.350_ACCEL_50_ACCEL_Cand_56.pfd,83.1010866097,92.710077737,0.793009003906,-0.738956454363,1.35762023926,0.649861514568,0.645223632343,0.226008780866
/home/bhaswati/Machine_Learning/14jun2k15/pfd/index1678115HR_0027-53_IA_search_DM5.510_ACCEL_50_ACCEL_Cand_115.pfd,89.1984858115,56.0501716028,0.814115746912,1.46376433558,0.723818123341,0.192439243197,0.738543372386,0.242400671164
/home/bhaswati/Machine_Learning/14jun2k15/pfd/index71518HR_0203-52_IA_search_DM19.110_ACCEL_50_ACCEL_Cand_18.pfd,97.1089874411,73.6753705368,0.771280526352,-0.669439785436,95.1595306396,47.5717163086,0.475354715637,-0.42995557649
/home/bhaswati/Machine_Learning/14jun2k15/pfd/index204662HR_0027-53_IA_search_DM17.090_ACCEL_50_ACCEL_Cand_62.pfd,92.9205723659,115.017275359,0.684539227755,-1.5,0.538840174675,0.393192827702,1.05634611542,0.746117932178
/home/bhaswati/Machine_Learning/14jun2k15/pfd/index1474181HR_0154-52_IA_search_DM1.700_ACCEL_50_ACCEL_Cand_181.pfd,95.819985586,79.9090904016,0.971757618984,0.00705201905794,3.99241280556,1.23516142368,0.0920999359643,-0.764422367967
/home/bhaswati/Machine_Learning/14jun2k15/pfd/index154097HR_0154-52_IA_search_DM8.580_ACCEL_50_ACCEL_Cand_97.pfd,105.093545778,79.3149419656,0.69483122743,-0.332803261088,1.87051558495,0.878818333149,-0.41200564764,-0.66488408951
/home/bhaswati/Machine_Learning/14jun2k15/pfd/index197083HR_1947-43_IA_search_DM17.210_ACCEL_50_ACCEL_Cand_83.pfd,83.9288418244,83.6350204844,1.16185725661,0.163005537499,1.23825573921,0.661168277264,0.542647605821,-0.295959007114
/home/bhaswati/Machine_Learning/14jun2k15/pfd/index37HR_1947-43_IA_search_DM145.90_ACCEL_50_ACCEL_Cand_7.pfd,111.006443196,65.2162904797,0.898272250294,-0.170569223186,50.1337127686,60.3123283386,1.73919604842,1.50586051932
/home/bhaswati/Machine_Learning/14jun2k15/pfd/index4302HR_0027-53_IA_search_DM32.175_ACCEL_50_ACCEL_Cand_2.pfd,101.822366928,70.6557020887,0.785873202666,-0.416077357514,61.8841705322,47.5140075684,0.548301741132,-1.16675948142
/home/bhaswati/Machine_Learning/14jun2k15/pfd/index62220HR_2308-53_IA_search_DM235.90_ACCEL_50_ACCEL_Cand_20.pfd,90.0095310308,46.5635186848,0.792704311284,1.28971306614,0.901985168457,0.152280300856,0.115160158623,-0.105500694467
/home/bhaswati/Machine_Learning/14jun2k15/pfd/index6571HR_0009-53_IA_search_DM192.00_ACCEL_50_ACCEL_Cand_1.pfd,77.6595501094,57.6418760526,1.3292419794,1.39091804882,28.6475162506,11.3311233521,0.0534651623814,-1.40725171393
/home/bhaswati/Machine_Learning/14jun2k15/pfd/index154776HR_0000-53_IA_search_DM7.320_ACCEL_50_ACCEL_Cand_76.pfd,87.461090754,118.506238263,0.705048785281,-1.5,14.5369663239,2.11371183395,-0.0551905226604,-1.05229846768
/home/bhaswati/Machine_Learning/14jun2k15/pfd/index8898HR_0018-53_IA_search_DM2.240_ACCEL_50_ACCEL_Cand_8.pfd,88.9133373159,79.7161820245,0.889059596169,-0.603811422749,631.384765625,629.961975098,1.2262851463,0.127686307928
/home/bhaswati/Machine_Learning/14jun2k15/pfd/index174717HR_0036-53_IA_search_DM33.850_ACCEL_50_ACCEL_Cand_17.pfd,93.6440296309,75.8309292239,0.785022644711,-0.814601081517,8.82830524445,5.89187431335,0.29378876105,-1.47804958671
/home/bhaswati/Machine_Learning/14jun2k15/pfd/index227938HR_0203-52_IA_search_DM43.675_ACCEL_50_ACCEL_Cand_38.pfd,96.5748194283,112.916932241,0.65728412569,-1.5,1.00926625729,0.748540759087,0.868408394552,0.0212745777934
/home/bhaswati/Machine_Learning/14jun2k15/pfd/index183529HR_0018-53_IA_search_DM39.400_ACCEL_50_ACCEL_Cand_29.pfd,100.378799863,75.631778883,0.805111479514,-0.479366354374,0.815571427345,0.236093297601,0.20130082978,-0.75360822879
/home/bhaswati/Machine_Learning/14jun2k15/pfd/index162712HR_0018-53_IA_search_DM245.10_ACCEL_50_ACCEL_Cand_12.pfd,112.5269028,60.4290668475,0.850464847583,0.579038273412,0.96770632267,0.37141674757,0.639094191362,-0.606678530382
/home/bhaswati/Machine_Learning/14jun2k15/pfd/index48114HR_0027-53_IA_search_DM134.80_ACCEL_50_ACCEL_Cand_14.pfd,96.2719055628,60.9034813035,0.697029405809,-0.205795026562,3.51570343971,1.74467122555,0.662540785204,-0.63347557811
/home/bhaswati/Machine_Learning/14jun2k15/pfd/index27840HR_0018-53_IA_search_DM484.50_ACCEL_50_ACCEL_Cand_40.pfd,119.098046963,55.4311592759,0.654831340346,0.411888930435,1.36870777607,0.249173775315,0.295967977781,-0.0941237215888
/home/bhaswati/Machine_Learning/14jun2k15/pfd/index1245126HR_2308-53_IA_search_DM6.120_ACCEL_50_ACCEL_Cand_126.pfd,106.247345699,67.5311767483,0.654281311511,-0.057622125183,1.10708105564,0.476289182901,0.37890032885,-0.780459664611
/home/bhaswati/Machine_Learning/14jun2k15/pfd/index9046HR_0036-53_IA_search_DM61.000_ACCEL_50_ACCEL_Cand_6.pfd,98.101764248,80.0173198647,0.707124526474,-1.01235864016,28.4896564484,12.6263990402,0.21907805089,-0.854843132918
/home/bhaswati/Machine_Learning/14jun2k15/pfd/index2454125HR_1947-43_IA_search_DM1.060_ACCEL_50_ACCEL_Cand_125.pfd,86.674236194,119.041950508,0.706162788865,-1.5,0.434939026833,0.373045563698,0.781280513586,-0.575541038448
/home/bhaswati/Machine_Learning/14jun2k15/pfd/index184588HR_0018-53_IA_search_DM5.190_ACCEL_50_ACCEL_Cand_88.pfd,92.941140184,85.7393854938,0.656835087614,-1.1233303841,3.50709605217,1.4861177206,0.145626703392,-1.29618664578
/home/bhaswati/Machine_Learning/14jun2k15/pfd/index52018HR_0000-53_IA_search_DM9.470_ACCEL_50_ACCEL_Cand_18.pfd,98.0008465556,66.117903394,0.654243452843,-0.461867747635,45.3038444519,34.0780715942,1.000783397,-0.0211012668163
/home/bhaswati/Machine_Learning/14jun2k15/pfd/index148376HR_0009-53_IA_search_DM8.530_ACCEL_50_ACCEL_Cand_76.pfd,95.4473562747,113.54401763,0.666912701477,-1.5,2.07987499237,1.46285498142,0.694214305701,-0.803225156883
/home/bhaswati/Machine_Learning/14jun2k15/pfd/index195559HR_1947-43_IA_search_DM45.175_ACCEL_50_ACCEL_Cand_59.pfd,83.0627143471,85.895858934,1.12615528479,-0.121254280732,1.47653198242,0.854237675667,0.289094481337,-0.912801256076
/home/bhaswati/Machine_Learning/14jun2k15/pfd/index69912HR_0203-52_IA_search_DM30.475_ACCEL_50_ACCEL_Cand_12.pfd,94.311574758,82.4064760749,0.732813063592,-0.921409839745,67.4169006348,37.3151397705,0.450621161292,-1.2109900445
/home/bhaswati/Machine_Learning/14jun2k15/pfd/index157673HR_1947-43_IA_search_DM23.300_ACCEL_50_ACCEL_Cand_73.pfd,98.9202096492,59.7065752582,0.761185990768,0.766109977635,0.6921261549,0.262301921844,0.789176261093,0.0200355455495
/home/bhaswati/Machine_Learning/14jun2k15/pfd/index249242HR_1947-43_IA_search_DM34.100_ACCEL_50_ACCEL_Cand_42.pfd,96.0927045289,113.182756715,0.661536766721,-1.5,0.514448940754,0.531357169151,1.68785497645,2.73085627437
/home/bhaswati/Machine_Learning/14jun2k15/pfd/index219140HR_0018-53_IA_search_DM33.075_ACCEL_50_ACCEL_Cand_40.pfd,93.8034991256,114.491957544,0.678991765571,-1.5,7.28012466431,8.08752536774,1.08786968277,-0.330414525166
/home/bhaswati/Machine_Learning/14jun2k15/pfd/index87137HR_0036-53_IA_search_DM97.200_ACCEL_50_ACCEL_Cand_37.pfd,101.812934576,58.4538548589,0.763249701765,-0.33568544648,3.99557423592,1.73612070084,0.23388622805,-1.35395086638
/home/bhaswati/Machine_Learning/14jun2k15/pfd/index131892HR_0000-53_IA_search_DM1.990_ACCEL_50_ACCEL_Cand_92.pfd,98.6414533585,66.4277550756,0.942358879431,0.299806240768,1.21086657047,0.327204436064,0.478945088844,-0.419462901195
/home/bhaswati/Machine_Learning/14jun2k15/pfd/index1052HR_2308-53_IA_search_DM135.80_ACCEL_50_ACCEL_Cand_2.pfd,85.3698795064,67.0091031731,0.959433223657,-0.133303753823,3.72690987587,1.83598923683,0.883286565768,0.303957748629
/home/bhaswati/Machine_Learning/14jun2k15/pfd/index159235HR_0154-52_IA_search_DM41.550_ACCEL_50_ACCEL_Cand_35.pfd,84.2777759184,88.3879501725,1.23957578251,-0.0396175492571,1.71212375164,1.0742816925,0.783047081677,-0.124793407287
/home/bhaswati/Machine_Learning/14jun2k15/pfd/index85872HR_0018-53_IA_search_DM4.710_ACCEL_50_ACCEL_Cand_72.pfd,95.1291169673,68.6844722758,1.04922558539,-0.0703051508821,33.9691505432,18.1365356445,1.00272283919,-0.306456032396
/home/bhaswati/Machine_Learning/14jun2k15/pfd/index1521118HR_0154-52_IA_search_DM8.300_ACCEL_50_ACCEL_Cand_118.pfd,88.5227383312,103.411159386,0.701248310908,-1.36707143304,0.98579210043,0.75048238039,0.634801126011,-0.896593608773
/home/bhaswati/Machine_Learning/14jun2k15/pfd/index109266HR_0000-53_IA_search_DM15.560_ACCEL_50_ACCEL_Cand_66.pfd,85.5534985087,50.0237399415,0.725386369475,0.707353464042,0.872002124786,0.236244559288,0.360027252926,-0.423903103129
/home/bhaswati/Machine_Learning/14jun2k15/pfd/index61615HR_0000-53_IA_search_DM1.960_ACCEL_50_ACCEL_Cand_15.pfd,97.5241295504,68.4344822126,0.752633258287,-0.217496708205,292.925231934,202.719177246,0.384727226352,-1.28454109562
/home/bhaswati/Machine_Learning/14jun2k15/pfd/index198755HR_1947-43_IA_search_DM10.600_ACCEL_50_ACCEL_Cand_55.pfd,79.4555964247,83.4167006743,1.35051569234,0.439660456263,0.295050531626,0.140343010426,0.451261259451,0.00469337822077
/home/bhaswati/Machine_Learning/14jun2k15/pfd/index174165HR_1947-43_IA_search_DM5.150_ACCEL_50_ACCEL_Cand_65.pfd,99.0553567874,73.9187008957,0.816883909179,-0.175353313421,1.10301089287,0.303258687258,-0.27092134116,-0.639171603916
/home/bhaswati/Machine_Learning/14jun2k15/pfd/index6601HR_0018-53_IA_search_DM222.20_ACCEL_50_ACCEL_Cand_1.pfd,87.5867955521,63.3827508218,1.24747988699,0.725262378924,24.7106685638,9.81172657013,0.466469418786,-1.02342427129
/home/bhaswati/Machine_Learning/14jun2k15/pfd/index1649165HR_0027-53_IA_search_DM5.740_ACCEL_50_ACCEL_Cand_165.pfd,102.63994452,65.1927664595,0.724940035653,-0.143045859405,0.912087082863,0.225632816553,0.87456124713,0.154100377226
/home/bhaswati/Machine_Learning/14jun2k15/pfd/index2079HR_0009-53_IA_search_DM22.470_ACCEL_50_ACCEL_Cand_9.pfd,85.7899134661,67.7458367255,0.724163907774,-0.577848495807,19.3441753387,19.8942050934,1.98784477851,3.46521821953
/home/bhaswati/Machine_Learning/14jun2k15/pfd/index198841HR_0018-53_IA_search_DM38.575_ACCEL_50_ACCEL_Cand_41.pfd,92.9946294914,77.2255395468,0.756762450003,-0.40498321022,0.681203305721,0.501681745052,0.656452284244,-0.781728274047
/home/bhaswati/Machine_Learning/14jun2k15/pfd/index182726HR_0027-53_IA_search_DM43.025_ACCEL_50_ACCEL_Cand_26.pfd,89.7518025096,72.2442243185,0.718417822254,0.122327847697,0.730939328671,0.265246957541,0.422054000518,-0.567353147845
/home/bhaswati/Machine_Learning/14jun2k15/pfd/index2021168HR_0203-52_IA_search_DM6.390_ACCEL_50_ACCEL_Cand_168.pfd,90.0761363345,90.5960464989,0.828052067556,-0.947878120158,0.702272236347,0.26135507226,0.506289364911,-0.259459149141
/home/bhaswati/Machine_Learning/14jun2k15/pfd/index1449119HR_0000-53_IA_search_DM2.070_ACCEL_50_ACCEL_Cand_119.pfd,99.3786233768,106.260802767,0.663588276586,-1.48471578517,0.996376216412,0.564944922924,0.479903346106,-0.415793651065
/home/bhaswati/Machine_Learning/14jun2k15/pfd/index224627HR_1947-43_IA_search_DM46.025_ACCEL_50_ACCEL_Cand_27.pfd,90.3725530675,116.595002601,0.69698601959,-1.5,4.79801130295,3.47117114067,0.935788480119,0.725751676987
/home/bhaswati/Machine_Learning/14jun2k15/pfd/index1236141HR_2308-53_IA_search_DM6.230_ACCEL_50_ACCEL_Cand_141.pfd,93.5681776323,74.3492778726,0.787894225182,-0.260533797242,0.492049068213,0.189774870872,-0.0724062665719,-0.250865704194
/home/bhaswati/Machine_Learning/14jun2k15/pfd/index71229HR_1947-43_IA_search_DM239.40_ACCEL_50_ACCEL_Cand_29.pfd,101.207406367,40.5449036902,0.721445891437,2.46085194922,1.14952588081,0.194483682513,-0.0131870896971,-0.513028234159
/home/bhaswati/Machine_Learning/14jun2k15/pfd/index204648HR_0018-53_IA_search_DM35.375_ACCEL_50_ACCEL_Cand_48.pfd,90.4418398391,89.5932046241,0.943362600273,-0.447310909177,1.11369967461,0.52019071579,0.417070314346,-0.429283925146
/home/bhaswati/Machine_Learning/14jun2k15/pfd/index2199HR_0203-52_IA_search_DM42.450_ACCEL_50_ACCEL_Cand_9.pfd,94.9412751059,77.3199952243,0.689320063039,-0.987079115536,20.9453830719,13.8548030853,0.582169876668,-0.796427325451
/home/bhaswati/Machine_Learning/14jun2k15/pfd/index198445HR_1947-43_IA_search_DM35.250_ACCEL_50_ACCEL_Cand_45.pfd,91.2993639674,85.0615066297,0.922343167197,-0.412113847253,1.36019742489,0.552683115005,0.546434133894,-0.19312203167
/home/bhaswati/Machine_Learning/14jun2k15/pfd/index128154HR_0009-53_IA_search_DM28.325_ACCEL_50_ACCEL_Cand_54.pfd,99.5537275332,61.462938443,0.745069521779,0.256948440715,0.997133493423,0.348659276962,0.49523758042,-0.715368715828
/home/bhaswati/Machine_Learning/14jun2k15/pfd/index962102HR_0009-53_IA_search_DM10.770_ACCEL_50_ACCEL_Cand_102.pfd,103.802230673,61.8969216464,0.713333981974,-0.397465319967,1.45221614838,0.768379867077,0.592112372182,-1.14598821244
/home/bhaswati/Machine_Learning/14jun2k15/pfd/index1017249HR_0027-53_IA_search_DM1.230_ACCEL_50_ACCEL_Cand_249.pfd,90.0912126586,62.5595209976,0.799515287453,-0.051543002192,3.26160430908,1.60342788696,0.738865827852,0.187454999597
/home/bhaswati/Machine_Learning/14jun2k15/pfd/index230360HR_1947-43_IA_search_DM44.400_ACCEL_50_ACCEL_Cand_60.pfd,87.5291696797,118.460265714,0.704931699678,-1.5,1.48584544659,1.2275210619,0.745670874586,-0.682048157889
/home/bhaswati/Machine_Learning/14jun2k15/pfd/index78516HR_0000-53_IA_search_DM2.750_ACCEL_50_ACCEL_Cand_16.pfd,99.4788819271,71.4523616316,0.699019486463,-0.576014886008,53.6394920349,37.1607437134,1.04502828998,-0.198110920021
/home/bhaswati/Machine_Learning/14jun2k15/pfd/index1325120HR_2308-53_IA_search_DM1.930_ACCEL_50_ACCEL_Cand_120.pfd,106.303195169,78.9160979309,0.660723431482,-0.316736754775,0.697681128979,0.435888916254,0.924587480675,0.179880171513
/home/bhaswati/Machine_Learning/14jun2k15/pfd/index1882HR_0027-53_IA_search_DM25.100_ACCEL_50_ACCEL_Cand_2.pfd,92.2413357227,83.9240281304,0.69242045285,-1.01735136921,74.3006668091,45.8452568054,0.727077161095,-0.279868524926
/home/bhaswati/Machine_Learning/14jun2k15/pfd/index1890124HR_1947-43_IA_search_DM1.890_ACCEL_50_ACCEL_Cand_124.pfd,97.8945035374,82.285049362,0.861505718225,-0.40721084437,0.748263120651,0.31975004077,1.2081957181,2.02305401917
/home/bhaswati/Machine_Learning/14jun2k15/pfd/index9332HR_0018-53_IA_search_DM125.90_ACCEL_50_ACCEL_Cand_2.pfd,80.842199225,68.2357804798,0.901626522922,-0.19463683741,7.91261100769,2.72023701668,-0.198341118407,-0.946594995832
/home/bhaswati/Machine_Learning/14jun2k15/pfd/index131795HR_0154-52_IA_search_DM19.490_ACCEL_50_ACCEL_Cand_95.pfd,106.653602563,53.3670784942,0.691150224769,0.44806997206,1.07983505726,0.505881309509,0.603143421993,-0.976478739383
/home/bhaswati/Machine_Learning/14jun2k15/pfd/index139756HR_0000-53_IA_search_DM16.590_ACCEL_50_ACCEL_Cand_56.pfd,83.2181830108,87.1493595051,1.03525959931,-0.258279544621,1.28932118416,0.732537865639,0.542125748997,-0.583832701273
/home/bhaswati/Machine_Learning/14jun2k15/pfd/index212297HR_0018-53_IA_search_DM17.970_ACCEL_50_ACCEL_Cand_97.pfd,90.1160016658,116.758839763,0.697954090328,-1.5,1.74652969837,1.53855526447,0.874948292744,-0.329141087967
/home/bhaswati/Machine_Learning/14jun2k15/pfd/index71850HR_0027-53_IA_search_DM25.410_ACCEL_50_ACCEL_Cand_50.pfd,83.4181203847,51.3744060201,0.948929689926,0.610665269262,3.2205414772,1.71490371227,0.800437296074,0.454135832794
/home/bhaswati/Machine_Learning/14jun2k15/pfd/index86051HR_0018-53_IA_search_DM3.140_ACCEL_50_ACCEL_Cand_51.pfd,88.5466178858,80.0644897589,0.840211464471,-0.766161314991,51.8912162781,27.6379051208,-0.0305967032152,-1.22661788703
/home/bhaswati/Machine_Learning/14jun2k15/pfd/index2085HR_0000-53_IA_search_DM57.450_ACCEL_50_ACCEL_Cand_5.pfd,94.9546404663,54.196377779,0.805553836945,0.251584299219,5.52911949158,2.01943087578,0.875376893084,0.0719772992141
/home/bhaswati/Machine_Learning/14jun2k15/pfd/index140973HR_0009-53_IA_search_DM2.030_ACCEL_50_ACCEL_Cand_73.pfd,65.0822361812,89.0280777291,1.46966581848,0.549480882497,0.653856039047,0.417081296444,0.917065445633,0.198471372042
/home/bhaswati/Machine_Learning/14jun2k15/pfd/index489105HR_0009-53_IA_search_DM17.520_ACCEL_50_ACCEL_Cand_105.pfd,89.7169543909,57.3229209089,0.79977360186,0.27309566583,1.95277190208,0.85973405838,0.976343402535,-0.131287876829
/home/bhaswati/Machine_Learning/14jun2k15/pfd/index2259100HR_1947-43_IA_search_DM2.760_ACCEL_50_ACCEL_Cand_100.pfd,86.7249412524,119.007188152,0.70610416671,-1.5,3.41520142555,1.55666601658,0.133556115024,-0.553562476711
/home/bhaswati/Machine_Learning/14jun2k15/pfd/index17456HR_0036-53_IA_search_DM164.90_ACCEL_50_ACCEL_Cand_6.pfd,115.054862404,60.2998120335,0.656383185113,-0.261481529238,1.53527951241,0.217601642013,0.35442204705,-0.429119307565
/home/bhaswati/Machine_Learning/14jun2k15/pfd/index81649HR_0000-53_IA_search_DM4.630_ACCEL_50_ACCEL_Cand_49.pfd,97.6703653765,81.5837763684,0.702996009849,-1.00432268918,17.9353656769,13.3285732269,0.617440456729,-1.00680003449
/home/bhaswati/Machine_Learning/14jun2k15/pfd/index208333HR_1947-43_IA_search_DM38.225_ACCEL_50_ACCEL_Cand_33.pfd,90.9320452967,97.5741106279,0.953322992601,-0.798133883872,1.07225179672,0.837376177311,1.02109275413,0.323011268329
/home/bhaswati/Machine_Learning/14jun2k15/pfd/index194347HR_0027-53_IA_search_DM20.540_ACCEL_50_ACCEL_Cand_47.pfd,79.0621437133,83.024358518,1.3880149326,0.527536595456,0.88957887888,0.540310680866,0.604563890786,-0.208990555133
/home/bhaswati/Machine_Learning/14jun2k15/pfd/index21057HR_0009-53_IA_search_DM11.730_ACCEL_50_ACCEL_Cand_57.pfd,99.7846226047,70.27287989,0.867239790084,-0.40830074236,22.5099430084,18.0215969086,0.704923383512,-0.740806930355
/home/bhaswati/Machine_Learning/14jun2k15/pfd/index43446HR_1947-43_IA_search_DM422.50_ACCEL_50_ACCEL_Cand_46.pfd,101.360200504,40.4258206123,0.991543852765,2.84277269137,1.17561125755,0.171550959349,0.373915569251,0.358263041786
/home/bhaswati/Machine_Learning/14jun2k15/pfd/index1425106HR_0000-53_IA_search_DM6.910_ACCEL_50_ACCEL_Cand_106.pfd,93.8753314709,92.0905937341,0.67747798337,-1.02212860095,1.16866981983,0.586635172367,0.468028131921,-0.859923215087
/home/bhaswati/Machine_Learning/14jun2k15/pfd/index1845HR_0018-53_IA_search_DM33.875_ACCEL_50_ACCEL_Cand_5.pfd,95.293368033,74.6625816694,0.803891925206,-0.705108531916,65.3707885742,47.6212348938,0.838684540466,-0.185529253255
/home/bhaswati/Machine_Learning/14jun2k15/pfd/index1473102HR_0000-53_IA_search_DM1.860_ACCEL_50_ACCEL_Cand_102.pfd,96.9705916586,79.5543904816,0.941716954509,0.00752454805523,0.644759535789,0.356933563948,0.942147200745,-0.133293801874
/home/bhaswati/Machine_Learning/14jun2k15/pfd/index9818HR_0036-53_IA_search_DM38.600_ACCEL_50_ACCEL_Cand_8.pfd,96.2497869879,78.5410968081,0.706064027521,-0.931040351017,21.0621776581,11.679058075,0.224887507297,-1.1277676328
/home/bhaswati/Machine_Learning/14jun2k15/pfd/index1212HR_0027-53_IA_search_DM237.80_ACCEL_50_ACCEL_Cand_12.pfd,95.3617015179,70.1080256599,0.691402606563,-0.423402730328,59.342464447,51.5057220459,0.508332107783,-1.51583048983
/home/bhaswati/Machine_Learning/14jun2k15/pfd/index1816HR_0036-53_IA_search_DM224.70_ACCEL_50_ACCEL_Cand_16.pfd,97.3751040383,72.4360210041,0.71349581187,-0.770136811683,63.2990951538,51.2735519409,0.455614972477,-1.28864558992
/home/bhaswati/Machine_Learning/14jun2k15/pfd/index9321HR_0018-53_IA_search_DM187.50_ACCEL_50_ACCEL_Cand_1.pfd,95.6105855354,74.8029157676,0.910183024053,-0.5487908675,8.50736427307,4.20924186707,0.388029970124,-1.10525143557
/home/bhaswati/Machine_Learning/14jun2k15/pfd/index1787129HR_0027-53_IA_search_DM5.100_ACCEL_50_ACCEL_Cand_129.pfd,81.7259034677,69.0628605174,1.1413521057,0.984447303587,0.881763398647,0.322795271873,0.290047596997,0.0103817754428
/home/bhaswati/Machine_Learning/14jun2k15/pfd/index243357HR_1947-43_IA_search_DM27.450_ACCEL_50_ACCEL_Cand_57.pfd,96.3797397642,113.024073517,0.659029349255,-1.5,1.42475199699,1.32964396477,1.07754372692,0.012447315672
/home/bhaswati/Machine_Learning/14jun2k15/pfd/index243249HR_0036-53_IA_search_DM43.450_ACCEL_50_ACCEL_Cand_49.pfd,87.835916062,118.253875663,0.704362752878,-1.5,0.999828934669,0.615284025669,0.251941321641,-0.895768418651
/home/bhaswati/Machine_Learning/14jun2k15/pfd/index1931188HR_0203-52_IA_search_DM6.330_ACCEL_50_ACCEL_Cand_188.pfd,76.1074931872,63.2507030088,1.02698411609,0.744514351691,0.562296926975,0.154007136822,0.0755843959998,-0.498062776224
/home/bhaswati/Machine_Learning/14jun2k15/pfd/index1595132HR_1947-43_IA_search_DM1.890_ACCEL_50_ACCEL_Cand_132.pfd,87.6430944231,69.2750255992,1.00625190713,0.45247015052,1.9447799921,0.480781406164,-0.207337452225,-0.501464902179
/home/bhaswati/Machine_Learning/14jun2k15/pfd/index90143HR_0000-53_IA_search_DM4.220_ACCEL_50_ACCEL_Cand_43.pfd,92.7547131812,74.5349390957,0.682767025439,-0.925877032237,8.55968379974,4.33343553543,0.0232550060468,-0.831506759453
/home/bhaswati/Machine_Learning/14jun2k15/pfd/index81454HR_0154-52_IA_search_DM5.190_ACCEL_50_ACCEL_Cand_54.pfd,107.045055751,76.4937198554,0.661551964152,-0.840520284489,128.707122803,46.9080886841,0.202889073166,-1.46195599681
/home/bhaswati/Machine_Learning/14jun2k15/pfd/index7525HR_2308-53_IA_search_DM6.560_ACCEL_50_ACCEL_Cand_5.pfd,96.0589393562,78.466098669,0.793352732828,-0.710018622113,54.1266441345,27.6462688446,0.68289756041,-0.156715118691
/home/bhaswati/Machine_Learning/14jun2k15/pfd/index56952HR_0009-53_IA_search_DM7.940_ACCEL_50_ACCEL_Cand_52.pfd,89.9397814072,79.1571784617,0.70766706884,-0.936929716729,39.5540466309,23.505859375,0.0927947330944,-1.2873611679
/home/bhaswati/Machine_Learning/14jun2k15/pfd/index204526HR_0203-52_IA_search_DM42.350_ACCEL_50_ACCEL_Cand_26.pfd,96.5580756186,82.10049322,0.720980984118,-0.900999296371,0.814403831959,0.360303103924,0.546984295707,-0.564840493724
/home/bhaswati/Machine_Learning/14jun2k15/pfd/index211336HR_1947-43_IA_search_DM23.720_ACCEL_50_ACCEL_Cand_36.pfd,78.8220131296,102.459476667,1.10350232745,-0.701492130497,0.24388243258,0.212427094579,1.45341429432,1.98405136844
/home/bhaswati/Machine_Learning/14jun2k15/pfd/index165770HR_0018-53_IA_search_DM18.130_ACCEL_50_ACCEL_Cand_70.pfd,78.0364620766,59.4189814474,1.34216228734,1.58131390217,0.60393923521,0.242891341448,0.586126546958,-0.19806191143
/home/bhaswati/Machine_Learning/14jun2k15/pfd/index211362HR_0018-53_IA_search_DM23.480_ACCEL_50_ACCEL_Cand_62.pfd,106.287231743,82.854891563,0.725874882991,-0.379968995022,0.630394697189,0.480901896954,1.06172400911,0.375742986923
/home/bhaswati/Machine_Learning/14jun2k15/pfd/index1464212HR_0154-52_IA_search_DM1.760_ACCEL_50_ACCEL_Cand_212.pfd,89.8675041183,84.5163538513,0.920433557746,-0.23493604381,0.687741696835,0.324310600758,0.664782275833,-0.469011072115
/home/bhaswati/Machine_Learning/14jun2k15/pfd/index164717HR_0027-53_IA_search_DM181.90_ACCEL_50_ACCEL_Cand_17.pfd,82.3060364903,65.5087528748,0.951464939308,0.455206736062,0.768256664276,0.19715872407,0.0236972163347,-0.629520488436
/home/bhaswati/Machine_Learning/14jun2k15/pfd/index17129HR_0009-53_IA_search_DM2.630_ACCEL_50_ACCEL_Cand_29.pfd,94.8119261082,70.0159973273,0.817225224568,-0.37523135223,83.8004302979,106.473892212,1.71703945176,1.80023342949
/home/bhaswati/Machine_Learning/14jun2k15/pfd/index5491HR_0000-53_IA_search_DM4.190_ACCEL_50_ACCEL_Cand_1.pfd,86.6250904791,79.2564368762,0.815559086225,-0.822524520343,157.905044556,90.0658874512,0.476699438276,-0.139991632035
/home/bhaswati/Machine_Learning/14jun2k15/pfd/index1380150HR_0154-52_IA_search_DM1.850_ACCEL_50_ACCEL_Cand_150.pfd,97.2480028809,74.2068666009,0.754730467661,-0.393160997882,0.561169266701,0.192065149546,0.450643233116,0.115105372908
/home/bhaswati/Machine_Learning/14jun2k15/pfd/index1895179HR_1947-43_IA_search_DM1.710_ACCEL_50_ACCEL_Cand_179.pfd,103.900277652,79.9499542188,0.755478052249,-0.37107245094,1.04876816273,0.686731338501,0.350296582524,-1.18150578887
/home/bhaswati/Machine_Learning/14jun2k15/pfd/index7246HR_0203-52_IA_search_DM12.230_ACCEL_50_ACCEL_Cand_6.pfd,86.8232084042,79.2121302706,0.767147671002,-0.655144278614,394.984954834,329.421875,1.36549762768,1.06520124049
/home/bhaswati/Machine_Learning/14jun2k15/pfd/index210037HR_0018-53_IA_search_DM38.750_ACCEL_50_ACCEL_Cand_37.pfd,99.5519296848,88.0943699963,0.742807123355,-0.684323234338,1.16166484356,0.45213675499,-0.0488594640316,-0.588175792148
/home/bhaswati/Machine_Learning/14jun2k15/pfd/index28523HR_0203-52_IA_search_DM20.090_ACCEL_50_ACCEL_Cand_23.pfd,85.4995467367,78.1498992343,0.873324108387,-0.635454180054,163.344604492,114.473129272,1.63986451094,4.05559456559
/home/bhaswati/Machine_Learning/14jun2k15/pfd/index4352HR_0027-53_IA_search_DM32.100_ACCEL_50_ACCEL_Cand_2.pfd,102.655940998,72.4399200052,0.682928010135,-0.650792004715,55.3210906982,42.8268013,0.60165191303,-1.19647000432
/home/bhaswati/Machine_Learning/14jun2k15/pfd/index5201HR_2308-53_IA_search_DM349.80_ACCEL_50_ACCEL_Cand_1.pfd,99.8586625448,68.4762712421,0.7032394948,-0.495639025935,44.8157653809,11.6371717453,-0.0516806768337,-1.09702867805
/home/bhaswati/Machine_Learning/14jun2k15/pfd/index66223HR_0018-53_IA_search_DM39.575_ACCEL_50_ACCEL_Cand_23.pfd,97.1658601882,61.0334397538,0.686982945369,-0.516953176286,7.00219774246,4.2154583931,0.920147633723,-0.614689736849
/home/bhaswati/Machine_Learning/14jun2k15/pfd/index3228HR_0027-53_IA_search_DM406.50_ACCEL_50_ACCEL_Cand_28.pfd,106.886932723,61.0079362256,0.73283932402,0.0667808178565,7.50290632248,3.47850632668,0.999816877757,-0.0384651995419
/home/bhaswati/Machine_Learning/14jun2k15/pfd/index1522107HR_0154-52_IA_search_DM1.850_ACCEL_50_ACCEL_Cand_107.pfd,88.314276427,84.8677248241,0.971058890526,-0.247020626849,1.22648119926,0.462762624025,0.0230800462692,-0.586027033528
/home/bhaswati/Machine_Learning/14jun2k15/pfd/index35011HR_0027-53_IA_search_DM8.700_ACCEL_50_ACCEL_Cand_11.pfd,101.502454059,74.245414886,0.720245706788,-0.672110655078,120.887512207,69.5782394409,1.58336098309,4.38966971936
/home/bhaswati/Machine_Learning/14jun2k15/pfd/index1390119HR_0009-53_IA_search_DM1.880_ACCEL_50_ACCEL_Cand_119.pfd,71.7707190325,90.4384060504,1.19690500344,-0.0350222553659,0.554477930069,0.298199087381,0.496643490915,-0.222421571959
/home/bhaswati/Machine_Learning/14jun2k15/pfd/index1024HR_0036-53_IA_search_DM369.80_ACCEL_50_ACCEL_Cand_24.pfd,100.468627908,59.5286001274,0.832369357144,0.215192801541,68.791343689,42.7511482239,0.187409362702,-1.48246088263
/home/bhaswati/Machine_Learning/14jun2k15/pfd/index207548HR_1947-43_IA_search_DM44.400_ACCEL_50_ACCEL_Cand_48.pfd,92.822974173,88.0781759181,0.970428111871,-0.432406183989,0.546035408974,0.373105108738,1.03310498824,0.723340533607
/home/bhaswati/Machine_Learning/14jun2k15/pfd/index22814HR_0009-53_IA_search_DM50.450_ACCEL_50_ACCEL_Cand_14.pfd,101.040843519,70.7162361731,0.666758249387,-0.692887440777,14.6122131348,6.35880994797,0.624398576811,-0.63816941412
/home/bhaswati/Machine_Learning/14jun2k15/pfd/index6591HR_0018-53_IA_search_DM303.20_ACCEL_50_ACCEL_Cand_1.pfd,100.464153788,61.3532438875,0.692272545507,-0.0305681275763,24.4146003723,5.75734519958,0.452729588041,-0.563631291052
/home/bhaswati/Machine_Learning/14jun2k15/pfd/index1863105HR_0027-53_IA_search_DM6.400_ACCEL_50_ACCEL_Cand_105.pfd,85.7815408129,76.6372025242,0.871823159454,-0.285364835474,0.891060233116,0.463375002146,0.496124895846,-0.916437339488
/home/bhaswati/Machine_Learning/14jun2k15/pfd/index1826HR_0027-53_IA_search_DM32.825_ACCEL_50_ACCEL_Cand_6.pfd,95.6463844882,81.5002021455,0.679672595422,-1.08324120061,51.3917007446,35.2355194092,1.07893048844,0.304009916973
/home/bhaswati/Machine_Learning/14jun2k15/pfd/index183780HR_0027-53_IA_search_DM5.870_ACCEL_50_ACCEL_Cand_80.pfd,107.222422727,74.9644568895,0.656778718247,-0.613501853887,2.49421405792,1.13854455948,0.514895355745,-0.569681070992
/home/bhaswati/Machine_Learning/14jun2k15/pfd/index2056190HR_0203-52_IA_search_DM6.210_ACCEL_50_ACCEL_Cand_190.pfd,90.0891367905,79.5626367295,0.676000827111,-0.554074561471,0.762238025665,0.159135341644,0.392918459968,-0.584274060004
/home/bhaswati/Machine_Learning/14jun2k15/pfd/index41669HR_0203-52_IA_search_DM474.00_ACCEL_50_ACCEL_Cand_69.pfd,79.4593442135,51.3693394074,0.774465807608,0.720817359284,1.39525556564,0.40309920907,0.75407699069,-0.633344774526
/home/bhaswati/Machine_Learning/14jun2k15/pfd/index16828HR_0018-53_IA_search_DM222.20_ACCEL_50_ACCEL_Cand_8.pfd,97.8102166827,56.6216952097,0.781114681561,0.663182214968,0.726436853409,0.186067432165,0.253644986237,-0.437249559889
/home/bhaswati/Machine_Learning/14jun2k15/pfd/index1874113HR_0027-53_IA_search_DM5.330_ACCEL_50_ACCEL_Cand_113.pfd,98.4358006138,80.838433837,0.701762680193,-0.623700976723,0.787583708763,0.356652200222,0.216280906975,-1.01357916266
/home/bhaswati/Machine_Learning/14jun2k15/pfd/index182822HR_1947-43_IA_search_DM49.275_ACCEL_50_ACCEL_Cand_22.pfd,96.2653059208,72.1276754985,0.742297494612,0.235141368942,1.02266848087,0.502231538296,0.508364190924,-0.497014462539
/home/bhaswati/Machine_Learning/14jun2k15/pfd/index1317102HR_2308-53_IA_search_DM1.860_ACCEL_50_ACCEL_Cand_102.pfd,96.5351748747,84.9364722861,0.810984742738,-0.614324810243,1.29070985317,0.417992293835,0.829217161926,0.410453987051
/home/bhaswati/Machine_Learning/14jun2k15/pfd/index1788111HR_1947-43_IA_search_DM5.710_ACCEL_50_ACCEL_Cand_111.pfd,92.9111318175,64.8535694738,1.07062933221,1.04023956835,1.76910638809,0.628035604954,0.217047336989,-1.10239773677
/home/bhaswati/Machine_Learning/14jun2k15/pfd/index95432HR_0009-53_IA_search_DM2.480_ACCEL_50_ACCEL_Cand_32.pfd,101.187190957,72.3902617186,0.658282320282,-0.900330240052,12.2460680008,5.61289453506,-0.236629280587,-1.44184975055
/home/bhaswati/Machine_Learning/14jun2k15/pfd/index34022HR_0154-52_IA_search_DM420.00_ACCEL_50_ACCEL_Cand_22.pfd,89.7267062084,55.5757978019,0.832644390691,0.705737294593,1.69033288956,0.423353821039,0.33311207764,-0.66844690823
/home/bhaswati/Machine_Learning/14jun2k15/pfd/index89456HR_0018-53_IA_search_DM5.700_ACCEL_50_ACCEL_Cand_56.pfd,98.7648017211,80.8886845738,0.667089657673,-0.981472819292,97.3648147583,97.2315139771,0.878437771269,-0.892078140933
/home/bhaswati/Machine_Learning/14jun2k15/pfd/index102871HR_0018-53_IA_search_DM1.780_ACCEL_50_ACCEL_Cand_71.pfd,97.3296226134,78.12146541,0.757462909802,-0.845649044044,32.0368232727,19.2180023193,2.10084458507,6.0988477991
/home/bhaswati/Machine_Learning/14jun2k15/pfd/index648114HR_2308-53_IA_search_DM3.320_ACCEL_50_ACCEL_Cand_114.pfd,94.252623909,73.0776593439,0.673935859616,-0.808126829353,6.00621175766,3.82887673378,0.794641479483,-0.333797246855
/home/bhaswati/Machine_Learning/14jun2k15/pfd/index103834HR_0036-53_IA_search_DM5.840_ACCEL_50_ACCEL_Cand_34.pfd,99.3730881631,81.9317101465,0.662176183224,-0.88878663449,152.476638794,72.6261291504,0.226406976143,-0.330683271398
/home/bhaswati/Machine_Learning/14jun2k15/pfd/index1772118HR_0027-53_IA_search_DM5.090_ACCEL_50_ACCEL_Cand_118.pfd,95.6088433846,68.178664318,0.881855336614,0.282288987503,0.711289465427,0.256580382586,0.431201154246,-0.627073928569
/home/bhaswati/Machine_Learning/14jun2k15/pfd/index1442187HR_0036-53_IA_search_DM3.730_ACCEL_50_ACCEL_Cand_187.pfd,90.2389094903,79.9417447633,0.733538241347,-0.946364012199,24.9776859283,20.6336650848,0.645671141328,-0.671234868272
/home/bhaswati/Machine_Learning/14jun2k15/pfd/index38443HR_1947-43_IA_search_DM425.50_ACCEL_50_ACCEL_Cand_43.pfd,103.97009305,57.4584827943,0.931118413884,0.334889240246,2.01911568642,0.410098493099,0.168961514023,-0.963604187493
/home/bhaswati/Machine_Learning/14jun2k15/pfd/index186871HR_1947-43_IA_search_DM17.220_ACCEL_50_ACCEL_Cand_71.pfd,80.2808410497,83.3469624793,1.30369777193,0.42577053785,0.765845894814,0.510207176208,1.02659628486,0.517179173955
/home/bhaswati/Machine_Learning/14jun2k15/pfd/index220466HR_0018-53_IA_search_DM29.100_ACCEL_50_ACCEL_Cand_66.pfd,90.6537746676,116.416444897,0.695866015303,-1.5,0.553391039371,0.499494045973,1.41715972006,2.54926573738
/home/bhaswati/Machine_Learning/14jun2k15/pfd/index702184HR_0036-53_IA_search_DM11.150_ACCEL_50_ACCEL_Cand_184.pfd,103.769724696,58.6499986108,0.665094365342,0.130373123322,1.6169025898,0.426142990589,0.916033838421,0.490244685237
/home/bhaswati/Machine_Learning/14jun2k15/pfd/index88317HR_0018-53_IA_search_DM2.210_ACCEL_50_ACCEL_Cand_17.pfd,88.4081499718,82.058750112,0.884004667152,-0.724747827846,729.880371094,780.424133301,1.31764113832,0.362169641625
/home/bhaswati/Machine_Learning/14jun2k15/pfd/index1263130HR_2308-53_IA_search_DM1.960_ACCEL_50_ACCEL_Cand_130.pfd,94.8105488883,87.9616480383,0.709285080364,-0.812357141723,3.30887746811,1.06624484062,0.462343858951,-0.246684019221
/home/bhaswati/Machine_Learning/14jun2k15/pfd/index20516HR_0000-53_IA_search_DM40.950_ACCEL_50_ACCEL_Cand_16.pfd,104.985823867,60.6468085327,0.662020804004,-0.716253728551,9.48822593689,3.79204726219,0.0240180507813,-0.983713933455
/home/bhaswati/Machine_Learning/14jun2k15/pfd/index88596HR_2308-53_IA_search_DM4.120_ACCEL_50_ACCEL_Cand_96.pfd,88.7704221004,69.4787379699,0.92372126075,-0.330793322548,4.65724134445,2.69139409065,0.31569791699,-1.31144209884
/home/bhaswati/Machine_Learning/14jun2k15/pfd/index135347HR_1947-43_IA_search_DM14.450_ACCEL_50_ACCEL_Cand_47.pfd,95.2189070198,56.0684512082,0.674686626699,0.369019557796,0.707347929478,0.176732212305,0.576869242181,-0.53271608705
/home/bhaswati/Machine_Learning/14jun2k15/pfd/index252568HR_1947-43_IA_search_DM41.850_ACCEL_50_ACCEL_Cand_68.pfd,88.9798569825,117.49511835,0.701634449734,-1.5,1.82590520382,1.73571360111,1.66330488257,2.88719689063
