Testing MLP completed in 180655361 (ns) or 0.180655361 (s)
MLP Performance:

TP:	1075.0
TN:	89599.0
FP:	397.0
FN:	121.0
Accuracy:	99.43196771646635
Precision:	73.02989130434783
Recall:	89.88294314381271
Specificity:	99.55886928307925
NPV:	99.86513597860008	(Negative Predictive Value)
MCC:	0.8074567082571423	(Matthews Correlation Coefficient)
F-Score:	0.8058470764617691
Kappa:	0.8029960492992134
G-Mean:	0.9459727367759228

Missclassified instances:
0.07716113922462466,-0.3114048631597484,-0.4983320733920062,-0.924549932471481,0.020670956797648937,-0.21203288498204886,-0.811185675613974,-0.996802339186446,1,FN
-0.2642716741248798,-0.6205759555866609,-0.25847479363109266,-0.7708212018055713,-0.07528714051639199,-0.0881659280684391,-0.8222927378344472,-0.9984258826206477,1,FN
0.24879762452427753,0.029905019252894773,-0.5646698087090912,-0.9699131677824054,0.23488785130140805,0.1776346791233604,-0.8592436045282135,-0.9981861821050313,1,FN
-0.040608924762661536,-0.033751765461631146,-0.4723279795845581,-0.95946095123576,0.23596153593739427,0.07623106743683146,-0.8489847654631147,-0.9982311914266068,1,FN
-0.06402910794195141,-0.3826648076361644,-0.4059599715417049,-0.880183642566246,-0.3096096851864159,-0.31761049957752674,-0.7719230926133956,-0.9940887997076716,1,FN
0.16264480782903265,-0.19743217164029592,-0.47728038986521404,-0.9371931520170487,-0.21189859480912254,0.13035584020152344,-0.7923155677033912,-0.9977123238032021,1,FN
-0.10334155827861653,-0.03077505566368098,-0.4714492699969942,-0.9589851983956323,0.39792374717622564,0.006591919849898542,-0.8680071885961392,-0.9977876043196133,1,FN
-0.2493831291037598,-0.31355346303624604,-0.3473331544277591,-0.8653077466003556,-0.3110528126890504,-0.15408301332212843,-0.7801602531166706,-0.9954844900747599,1,FN
-0.22111162226590272,-0.28122917207469783,-0.35224630195687745,-0.8829370049013534,-0.1366252452782989,0.043780020428772916,-0.8132059468709371,-0.9981393188036274,1,FN
-0.28300782066831165,0.5837469596252913,-0.4138535162927167,-0.9681035668403125,0.37616503618861036,0.25349118475651045,-0.8594415427769576,-0.9983125810653529,1,FN
-0.1041779933921626,-0.07403292047475962,-0.4046900019873615,-0.9202880883066169,-0.26167517213591085,-0.0766587963930806,-0.789883749102669,-0.9971113739808111,1,FN
-0.21140897494876834,-0.21092656224901749,-0.43551649046237717,-0.9324917786111138,0.09386113494208403,-0.03233882731575131,-0.8207454149460185,-0.9981041852385627,1,FN
-0.13261678725272888,-0.341425663746541,-0.4387860927107232,-0.914134613769635,0.04482320716859013,0.19016243181248763,-0.8219930860416893,-0.9989357549744954,1,FN
0.18104638032704612,-0.47879606337205854,-0.4688598847913738,-0.902857916104682,7.722032637936311E-4,-0.043149759949226936,-0.8129531781606563,-0.9981243587072942,1,FN
-0.1541968131822174,-0.29607180260586957,-0.4023288191262709,-0.9034524708345981,-0.4354291017918075,-0.42730013073198403,-0.7561323598232786,-0.990938225454661,1,FN
-0.21927146501610137,-0.44427871376892164,-0.3271280174066026,-0.8586326733656698,-0.15609484411781685,-0.19375562661965884,-0.7925749885871101,-0.9956171674254432,1,FN
0.0028857011417339298,-0.08636148702321855,-0.48509369576107497,-0.9613937643742646,0.08904583782164048,0.47992136310884687,-0.8292938859504361,-0.999215545186412,1,FN
-0.20990339174438544,-0.4187688388450697,-0.32519410348152666,-0.8287798336852309,-0.33879851599627836,-0.2248676928287469,-0.7852360892791157,-0.9965342824842829,1,FN
-0.05967964535151186,-0.6074674986624832,-0.31691166579619734,-0.8138909218180101,-0.32087982377914326,-0.298092128950563,-0.7775146967873348,-0.9943332196877581,1,FN
-0.382878173225712,-0.5299783140980878,-0.23999672845293885,-0.7749720704642113,0.01411473024290938,-0.2133900614548857,-0.8210832079330622,-0.9968422147111182,1,FN
-0.36698590606833675,-0.47700160249354867,-0.2876368594530261,-0.8212681116899508,-0.3520099727322199,-0.4487205375064479,-0.7770481275072597,-0.99430137615337,1,FN
-0.2692902848061562,-0.37738907584598674,-0.36613469652027936,-0.8803912460200604,-0.26606149808113355,-0.3466831589516433,-0.7852393484428171,-0.9944818131606017,1,FN
-0.0019656225168332565,-0.3783866330063875,-0.4274871802205483,-0.9092921536315707,0.02459690286609295,-0.13240234825631625,-0.8317376849125432,-0.9983131092723265,1,FN
-0.41499728158588095,-0.5395826864633664,-0.2279944210375921,-0.7695854885951667,-0.15926302270815237,-0.32777504735919094,-0.8010402711222724,-0.9963066592246286,1,FN
-0.26661369244280875,-0.5494940969959755,-0.2880597214458434,-0.8046132456126428,-0.4061257873475664,-0.39511542896574103,-0.7806274507342412,-0.9945439286427314,1,FN
-0.2600894985571494,-0.4469075121421724,-0.27104619541984465,-0.803624857556836,-0.04752188230134188,-0.32822819939074477,-0.8405243721671467,-0.9970143183088809,1,FN
0.09037681401865251,-0.09911214587824398,-0.5292416562151213,-0.9540320526266224,-0.18241922368051805,0.030181039480808153,-0.7746836094543527,-0.9965539468362533,1,FN
-0.16741248797624525,-0.03374478906595852,-0.40564322830349936,-0.9413688373068294,0.086569455913634,0.20700367228066324,-0.8379608098150662,-0.9987672971359028,1,FN
0.059763288862866464,-0.19864618649760937,-0.46454173679269134,-0.9325958366880108,-0.1262370659313579,-0.06382589287497054,-0.80142219939893,-0.9974048939337398,1,FN
0.177031491782025,-0.2504722596755512,-0.48054507384534023,-0.9433856050241236,0.03261235306839975,0.3190911598171125,-0.8256114582550077,-0.9991563017618879,1,FN
-0.07741206975868847,0.13556289219046241,-0.43234489369827733,-0.9505619627607244,-0.04719492355095249,0.2067277850805804,-0.820083532314391,-0.9985949707167288,1,FN
-0.09347162393877295,-0.5592969224969742,-0.3375615367998408,-0.8211523051656386,-0.39594410310588335,-0.5997799241056518,-0.8025495694221303,-0.9942221778497621,1,FN
-0.2764836267826523,-0.6498854154050171,-0.2566289879431519,-0.7549444534845631,0.28536496238979053,-0.09933671629037441,-0.8774679519432468,-0.9972154589777728,1,FN
0.016770524026598635,-0.2413780976698802,-0.43424485589926837,-0.9259444248584278,-0.1473245657399629,-0.37452241547620824,-0.8297708008188406,-0.9971841135688263,1,FN
-0.27246873823763124,-0.32937165835840776,-0.31185440191179803,-0.8620712140981472,-0.2838741856533795,-0.03290842328564185,-0.7940798779191541,-0.9968468258116282,1,FN
-0.5811132951361299,-0.5807626890750998,-0.11107625813374598,-0.6726020809655454,0.28998693192308667,-0.1639790835485479,-0.8651054569848957,-0.9975092850267544,1,FN
-0.37217180377232234,-0.4995107787650895,-0.26218175561679213,-0.7879435526904112,-0.19979574114437576,-0.44697488111385014,-0.7802385827508438,-0.9938312735664858,1,FN
-0.3298481870268914,-0.3791491946149407,-0.3180362741952358,-0.8513805239686776,-0.19630987431678515,-0.19656652897070825,-0.8013526294665307,-0.9970819196058606,1,FN
0.020116264480782905,-0.2860723181215315,-0.41699541023513187,-0.9079476074601498,-0.272890147179771,-0.02473050569965233,-0.782629957640282,-0.9970867730540461,1,FN
0.09037681401865251,-0.06897530950819937,-0.477740507115396,-0.9350634945270357,-0.2974496239017045,-0.26944987373790835,-0.7567946744077405,-0.9930388586784524,1,FN
-0.06770942244155409,-0.1948963142237603,-0.3940692775888707,-0.9140506888788675,0.20233762519101695,-0.0017591738145028984,-0.8431650237686014,-0.9984275434887536,1,FN
-0.04980971101166827,-0.20045740740688767,-0.43871706013254663,-0.9195524567567942,-0.0037619386236860844,0.13132195656663295,-0.8153425532737624,-0.9986882757190717,1,FN
-0.30140939316632515,-0.24397419042761648,-0.3129439164257693,-0.8757387915267967,0.24905947208506657,-0.057517454559365674,-0.8509778490902038,-0.9978917931808704,1,FN
0.12701267199197022,-0.12374287717991217,-0.5211978780914087,-0.9624217672396681,0.37105038022609105,0.18512823749843077,-0.8667007426521082,-0.9982493262294266,1,FN
-0.07138973694115679,-0.44134190651844435,-0.36731854703198813,-0.8721808020890901,-0.03299243152865947,-0.14144621302705654,-0.8208384946404753,-0.9972138319600867,1,FN
-0.3260005855045795,-0.42498752446139654,-0.26829284547118026,-0.80247458094556,-0.44873032983285444,-0.5908819972903567,-0.7386498027313304,-0.985868343030106,1,FN
-0.07674292166785161,-0.29679025844089024,-0.3506569315089374,-0.8939664177645266,-0.23740334799058083,-0.14013912302584228,-0.8032006318258152,-0.9975349470590877,1,FN
-0.3890677930659529,-0.4568966181439278,-0.1922671955093152,-0.7805139316568359,0.040692696215632554,-0.45747506150032924,-0.8424116850953535,-0.9950273659331046,1,FN
-0.10016310484714148,-0.3123709968072474,-0.4109015974634378,-0.91319664487743,0.10328828064040019,-0.03856104517563298,-0.8299935127553346,-0.998111553986168,1,FN
-0.3147923549830622,-0.6552915612654311,-0.2179626878843466,-0.7200230502450479,-0.49955522139885766,-0.6761881865678554,-0.7534570413608438,-0.9849876990359753,1,FN
-0.14265400861528166,0.30659771236361577,-0.4447731855936215,-0.9671983172073765,0.11678582012912568,0.4229465153376006,-0.8314056044590038,-0.9992137867500206,1,FN
0.1594663543975576,-0.0426758307616124,-0.6105414563711256,-0.9667659335856391,0.49067609493923353,-0.15638554739294105,-0.8776129980562967,-0.9967657319646362,1,FN
-0.23031240851490944,-0.21261193030251102,-0.38454985392006474,-0.9078661803578856,0.08071084300970333,-0.13382415719216612,-0.8351917782674816,-0.9979751553734857,1,FN
-0.2689557107607377,-0.30617235552493793,-0.30571332794361794,-0.8475483503924494,-0.02827960423375308,-0.24061150275086765,-0.8108402141132406,-0.9967463435968429,1,FN
0.15160386433022457,0.11515391537728535,-0.5110401000523449,-0.9636768160943158,0.1607468840650453,0.31368681475926785,-0.8376351911695535,-0.9989056048124221,1,FN
-0.1657396177491531,-0.24336298241049306,-0.39493851458227097,-0.9009136015917819,0.046846962065205146,-0.2961098218449596,-0.8231188598224642,-0.997082379774687,1,FN
0.13989377274057965,-0.36816976707304383,-0.47954636825828995,-0.9039269564668992,-0.2128111360449118,-0.22342947575675676,-0.796417264389153,-0.9974442842448615,1,FN
-0.18598134749696793,-0.27895125016173306,-0.3306461263105084,-0.8834893176048396,-0.2433333390977066,0.16297309282025435,-0.7868059179887928,-0.9974630671443953,1,FN
0.17870436200911713,-0.002092825110441378,-0.5439380224193182,-0.9675193762060574,0.30820189460652403,-0.09021620174251237,-0.8315378091606936,-0.9982442312590628,1,FN
-0.16105558111329513,-0.3259714095503408,-0.37816456159329465,-0.8816088680937999,-0.29771259232821823,-0.24995349264994954,-0.7774943951527465,-0.9957924331338169,1,FN
-0.07239345907741207,-0.2499743136126685,-0.3744900045870612,-0.8906090954826021,-0.07109769575632321,-0.07752878931042487,-0.8261601635804353,-0.9979210889055944,1,FN
-0.07138973694115679,-0.44134190651844435,-0.36731854703198813,-0.8721808020890901,-0.03299243152865947,-0.14144621302705654,-0.8208384946404753,-0.9972138319600867,1,FN
-0.1958512818368115,-0.47371962164531983,-0.3047155978899833,-0.8293950801653162,0.0587249162000303,-0.2627883649866768,-0.8244830197618797,-0.9971940283817214,1,FN
-0.19133453222366276,-0.4191101112671028,-0.3186627794471698,-0.8631678407564762,-0.0556511585893952,-0.19008678295354073,-0.8287779559446863,-0.9969530590255751,1,FN
-0.04345280414871816,-0.1692933666986559,-0.41512105748053124,-0.9199363504871094,-0.12284745632849482,-0.12549725558524508,-0.7965052191913147,-0.9966838439496472,1,FN
-0.27782192296432606,-0.05672287829802744,-0.2941865940437423,-0.8946199153796249,-0.10688305145378373,0.14523413934079032,-0.8040974026622648,-0.9982989325801692,1,FN
-0.20137175358621556,-0.4868816145460679,-0.3013868200512926,-0.8104087721853669,-0.19520517380395838,-0.31072083252441374,-0.7857903279830909,-0.9956665819444537,1,FN
-0.16356488645393333,-0.22756974475006198,-0.3169756311749739,-0.8571957858622515,0.09126507054422892,-0.3714490884704206,-0.8240320211240203,-0.9948910272740937,1,FN
-0.21676215967546317,-0.17016268873250998,-0.39521823565267544,-0.9179186056060953,0.009980567430877404,0.05310329383406249,-0.8160045506692356,-0.9982027533713123,1,FN
-0.28468069089540377,-0.5332922378488447,-0.266590003882554,-0.7979711653364666,0.04215901058633143,-0.06757602490008857,-0.8351811960918469,-0.9981494443027545,1,FN
0.013592070595123584,-0.021780880774192293,-0.45195856744986973,-0.9491272878376312,-0.06718594120677773,0.31018881860509706,-0.8083683349047246,-0.9988530929035347,1,FN
-0.23399272301451216,-0.5103738555367562,-0.32311795020460193,-0.8155660775461233,-0.12020867410235435,-0.24776704531049457,-0.799315003194175,-0.9962692485402651,1,FN
-0.4104805319727322,-0.5433605220469796,-0.19521088775102632,-0.7482405925603494,0.23314990925485776,-0.2114094327419917,-0.8601270825838762,-0.9972280725796696,1,FN
0.11396428422065158,0.14456432384959814,-0.5084977944139345,-0.966743145720898,0.5636950068174732,-0.1065804885458395,-0.8716621369987829,-0.9972197329469499,1,FN
0.07749571327004308,-0.5845631252338302,-0.36633889685359955,-0.8544392338918362,-0.24101950492228794,-0.2266458006136882,-0.7837963681570504,-0.996716142124511,1,FN
-0.4027853289281084,0.4319846783232869,-0.4260704753462687,-0.9643519452206877,0.33572627808465916,0.2539374759378811,-0.851977268232567,-0.9985382176935922,1,FN
0.3188908870394379,0.0015256216032771936,-0.6018684456203467,-0.9731601326756021,0.44439070781353296,0.12812847808879707,-0.8633849419764382,-0.998276347325594,1,FN
0.29697628706453094,-0.2699268960762739,-0.5230837702976788,-0.9418869240474423,-0.02870099580546246,0.2897038888047306,-0.8214159856641475,-0.9992510579511529,1,FN
-0.023378361423612562,-0.276804822799792,-0.4046988667709772,-0.9081726002458178,0.2550922771765624,-0.013957885581560421,-0.8632101471435559,-0.9976415931256416,1,FN
-0.24319350926351888,-0.632436119808274,-0.2684470927865314,-0.7641692670060989,-0.1827554663010375,-0.11739515537084204,-0.7880120826464869,-0.9966260194046546,1,FN
-0.15018192463719626,-0.41575006348150606,-0.3157915576887952,-0.8467707083398465,0.12554375863061906,-0.06687309465234725,-0.8456198870249007,-0.9984461994372256,1,FN
-0.13261678725272888,-0.341425663746541,-0.4387860927107232,-0.914134613769635,0.04482320716859013,0.19016243181248763,-0.8219930860416893,-0.9989357549744954,1,FN
-0.13077663000292752,-0.4416665080581908,-0.3537246055394432,-0.8625230626293525,0.03084040155685736,-0.1367992300945214,-0.8205181684495849,-0.9977368313916006,1,FN
0.24411358788841955,0.025336400780315103,-0.5968694947279976,-0.974465166939688,-0.13590982287913023,0.18942880602480264,-0.7972016302783319,-0.9981888959298533,1,FN
-0.1869850696332232,-0.6880679854234357,-0.19425190709284432,-0.7097180027923122,0.03155705670053407,-0.2781222603741441,-0.8613570385495277,-0.9976521873126133,1,FN
0.1882397223035423,0.24233629238672783,-0.5239912409776317,-0.9780293373892532,0.4199900989526117,0.2149052767786783,-0.8624394727971961,-0.998179825433918,1,FN
-0.17527497804357828,-0.4845439000481015,-0.3249431369075853,-0.8493147826927211,-0.09854774809569461,-0.21563135848014886,-0.7901101739184186,-0.9956314431082094,1,FN
-0.16724520095353604,0.7046456772035325,-0.4833328614849943,-0.9815157219645926,-0.03457851930280725,0.2638896513644611,-0.8291269400070357,-0.9987146899841712,1,FN
-0.34640960227510353,0.6608729768081198,-0.4052081953795477,-0.9669336231462843,0.31686385083039187,0.18684464655118643,-0.8450313892880083,-0.9985317858646691,1,FN
0.033666513320229186,-7.95385977909375E-4,-0.46596589556595325,-0.9508992567637309,0.21461050459087386,0.007662154956477778,-0.8357382657435074,-0.9981541387622329,1,FN
-0.17243109865752165,-0.30577566512535215,-0.4153707873786987,-0.8998474760725403,-0.38718050627006084,-0.3312729899769543,-0.7560723085436242,-0.9926163023476687,1,FN
-0.3437330099117561,-0.629171781871024,-0.24105159667976442,-0.7415079065697457,-0.21495184872075634,-0.40997982782923303,-0.8216332319519246,-0.9968904573087525,1,FN
-0.10350884530132574,-0.13686853815850736,-0.44314617949644497,-0.9374104262374641,-0.26493852396334006,-0.11143772341292109,-0.7667523541711654,-0.9954366521973098,1,FN
0.2758981222031701,0.05867441579889978,-0.5881416889664774,-0.9738323886767503,-0.08304642829309825,0.2115514752653442,-0.8019054876125588,-0.9983586745490867,1,FN
-0.23549830621889506,-0.08896236799055235,-0.3754391903958595,-0.922311556156947,0.2554456007455541,-0.15125579657594088,-0.8205941960444781,-0.9977195270380897,1,FN
-0.10601815064196395,-0.4109714671835046,-0.43179640242330064,-0.9104753711650497,-0.2511177719837881,-0.010671153760498294,-0.7873379963255044,-0.9975823286928474,1,FN
-0.01317385303835055,-0.26139102462941904,-0.4188588197655217,-0.9172165649472849,-0.3162715640122787,-0.06206301534580519,-0.7678958384746326,-0.9957963141667674,1,FN
-0.28083308937309187,-0.5364705903675285,-0.26257341960414127,-0.7907086866081295,-0.014765164816331805,-0.1595609752084541,-0.8240566482159658,-0.9973438239191674,1,FN
0.0488896323867676,-0.08002745983217412,-0.47625763905157376,-0.9468942570296004,-0.01065664984661698,0.2297778256480357,-0.8175002035313924,-0.9988548754439789,1,FN
-0.1429885826607001,-0.058006759151243155,-0.45502381076103166,-0.949234022114452,0.4291263127781977,0.04507449663733495,-0.8630840844228377,-0.9977990218591989,1,FN
-0.1352933796160763,-0.5739194190913918,-0.21589781472659092,-0.7526688636163646,0.059731682359377675,-0.315299425438814,-0.8359275942462339,-0.996515835349418,1,FN
-0.0350884530132575,-0.09438382014910712,-0.47198260510119955,-0.9526205875273471,0.19229421146003078,-0.19251211472564395,-0.8537618597321214,-0.9974494279621505,1,FN
-0.1003303918698507,-0.6179002752137915,-0.3192537786491073,-0.8049630664243425,-0.42646403934253896,-0.5624466069087696,-0.7362628860730726,-0.9857154288225887,1,FN
-0.34172556563924555,0.3807722616865403,-0.34339571017955234,-0.9357174249520045,-0.19073000362949794,0.1600292096819258,-0.8001129448219635,-0.998083093711684,1,FN
-0.15603697043201872,-0.30846236521317505,-0.42322132922677536,-0.9210310826261285,0.21499049743373197,-0.028523400609916063,-0.8372507024345872,-0.998186868839513,1,FN
-0.16841621011250052,-0.450977524786084,-0.27872344393505893,-0.829863976457308,-0.05176901852006076,-0.32027532696571015,-0.8091218401636313,-0.9956301843448158,1,FN
-0.1506837857053239,-0.4957135870619553,-0.3671288710481124,-0.8616602275996763,-0.34761341658470146,-0.47849393024544545,-0.7597575465333858,-0.9920743067038527,1,FN
-0.5899795073397182,-0.03279409726618037,-0.23955567835538435,-0.8781419687931964,-0.12995356741718683,0.12054723329118965,-0.8203055764167068,-0.9982147138182286,1,FN
-0.14901091547823178,-0.3666079214862434,-0.37322844240496145,-0.8707870305044274,0.31641614682853825,0.050004844181610796,-0.8438266529653936,-0.9984757887915513,1,FN
-0.24720839780854,-0.2104765144806069,-0.3197299678178432,-0.8762915551849,-0.10611948919925436,0.03884717004389612,-0.8048165026427767,-0.9978993939465378,1,FN
-0.2485466939902137,0.15196045227472657,-0.34094063909963146,-0.9258003179230364,0.02224982696392734,0.2905548849987711,-0.8345687738060715,-0.9987865242628097,1,FN
-0.33921626029860735,-0.06497505938871355,-0.3342364597984164,-0.9128466177861992,-0.22731579977517496,0.036487380472213726,-0.7937305316402178,-0.9974706474541918,1,FN
-0.24553552758144787,0.10843343314468565,-0.3246749533583354,-0.9142761406828485,-0.06377904532871169,0.26025862549386447,-0.8168586522749677,-0.9987537044056536,1,FN
-0.21626029860733553,0.5702044316388849,-0.41715091713101166,-0.9698220337900131,0.24320138091497565,0.10405470910490373,-0.8431743713875994,-0.9983563597328591,1,FN
-0.34423487097988376,-0.43654792602142517,-0.2979112285861553,-0.8248569983121131,-0.27307145860480847,-0.4171560710297551,-0.7984361420942326,-0.9944846640974456,1,FN
-0.18899251390573377,-0.21610022798085163,-0.35131996246459274,-0.8888076297310101,-0.16671963592924013,-0.11866342599990296,-0.7964696418471372,-0.9972183868592162,1,FN
-0.10350884530132574,-0.13686853815850736,-0.44314617949644497,-0.9374104262374641,-0.26493852396334006,-0.11143772341292109,-0.7667523541711654,-0.9954366521973098,1,FN
-0.2978963656894316,0.3053355124492591,-0.42553874948710174,-0.9614045624158098,-0.11200065927470906,0.3129290973519973,-0.8099188730545482,-0.9987575021361329,1,FN
-0.013006566015641336,-0.26546926711481644,-0.3762767275303579,-0.876524050189546,-0.26393349191841087,-0.12078859951706213,-0.7705154112841551,-0.9952157288307427,1,FN
-0.1981933001547405,-0.44779106790345613,-0.34595083321016185,-0.8691256143872087,0.035453862697350874,-0.20848240050936429,-0.825351439549373,-0.9972421446390345,1,FN
-0.1429885826607001,-0.058006759151243155,-0.45502381076103166,-0.949234022114452,0.4291263127781977,0.04507449663733495,-0.8630840844228377,-0.9977990218591989,1,FN
-0.22395550165195935,-0.22048177688267487,-0.30682540903042926,-0.8784326737623047,-0.5013478579598544,-0.4432660638105723,-0.7385826624367533,-0.9879483587075023,0,FP
-0.6605746309230062,-0.4944783026951598,5.722714579595398E-4,-0.6342526758751187,-0.26372317329629674,-0.4193453292281341,-0.7619447052185726,-0.9921016124718695,0,FP
-0.4735477395341056,0.12216105832547107,-0.21534049959089233,-0.8699465016123461,-0.3099331017305554,0.28182305499385285,-0.7936883258333509,-0.9980942430669023,0,FP
-0.6515411316967086,-0.36281487193375705,-0.02578853679797773,-0.6883699733162473,-0.11207113897910696,-0.4103662032069468,-0.8070278589193616,-0.9945498937489763,0,FP
-0.11371335368658776,-0.2500483631580785,-0.32646306918823587,-0.8901861427253556,0.08085679348105604,0.12085692048051355,-0.842846486271584,-0.9982374370233994,0,FP
-0.32332399314123206,-0.10922904203433616,-0.2731679994416452,-0.882606006919457,-0.2434768083661944,-0.1737645049997342,-0.7696998174259156,-0.995566501229843,0,FP
-0.1893270879511522,-0.20843287848265749,-0.3171970718910957,-0.8842181476302353,-0.159218457536122,-0.07075323073475442,-0.800859713446847,-0.9972106289057134,0,FP
-0.21475471540295263,-0.5291845462429522,-0.250368866461583,-0.7864644774374213,-0.21908465006017866,-0.27206636537671625,-0.8114127479449526,-0.9965376053423932,0,FP
-0.34724603738864956,-0.40958857768274143,-0.23955274918111738,-0.8181058197083565,0.06407717506730401,0.15727111803175384,-0.8424138393020693,-0.9989612958456483,0,FP
-0.430722261720547,-0.39417605789100246,-0.18238771390110403,-0.8128143535234107,-0.029430709117321322,-0.25680994715407796,-0.8135842890813003,-0.996750278305226,0,FP
-0.38588933963447786,-0.7014196553339901,-0.1626995598191871,-0.6436537543031311,-0.144061660647358,-0.24511518424883594,-0.8300254669835142,-0.9983226232408849,0,FP
-0.39425369076993855,0.13971247197843395,-0.2281414216826687,-0.8773313108786689,-0.5366694336549029,-0.15797203215463343,-0.7471392731602104,-0.993298901005747,0,FP
-0.19601856885952074,-0.10588850778608087,-0.33857223569054595,-0.8952122544359388,0.0066668882557448,-0.17102556837942565,-0.8102278039615085,-0.9970768761858269,0,FP
-0.5620425745472795,-0.45566470151587984,-0.003183574945387847,-0.6601382563396294,-0.2596539496288924,-0.08691138841817507,-0.782784775007559,-0.9961638237029619,0,FP
-0.19718957801848522,-0.4545491634392669,-0.24965604372617112,-0.797957692024984,0.01682564119918834,0.046200545162520305,-0.8378363179540109,-0.9986967253120931,0,FP
-0.1252561582535235,-0.02220340422452272,-0.39506736917163787,-0.9403286099526577,0.2710253734111329,0.38552155673642163,-0.8533006693312064,-0.9990778814462612,0,FP
-0.3929153945882648,-0.18252067301789054,-0.16278692140957843,-0.8094497827799826,-0.3456994171413551,0.06660909444616168,-0.7952144363332873,-0.9972833519971938,0,FP
-0.34390029693446533,-0.37446159511627947,-0.1945694069119015,-0.8075802708255921,-0.30277874399505955,-0.2334318123626878,-0.7718427254366093,-0.9949190111222822,0,FP
-0.44343607544644725,-0.37200135211070895,-0.21380115763198781,-0.8162000747606174,0.28605243260097435,0.09394890832548886,-0.8500518774395895,-0.9984691428793505,0,FP
-0.2067249383129104,-0.033780270894046505,-0.33711501160117735,-0.9124600301003769,-0.004613310167460236,-0.051776353156980454,-0.8071712687731214,-0.9975797485451132,0,FP
-0.46284137008071596,-0.40034729361177596,-0.18155261768148123,-0.8067822729567395,-0.27887168543613006,-0.28154257757941353,-0.7680516970712816,-0.9935823212637167,0,FP
-0.134289657479821,0.17149088762604162,-0.363466796891935,-0.9365750594843542,0.2713434654105178,0.13427431074529075,-0.8510763498516497,-0.9984349935622638,0,FP
-0.33202291832211117,-0.010391498626096783,-0.2545146958765472,-0.874944333832248,-0.39305853681706354,-0.21528949179464182,-0.7677984890990774,-0.9947920523144987,0,FP
-0.46451424030780814,-0.6232493611706832,-0.18475170958272033,-0.6911403664005469,-0.22594188126020803,-0.5055162565430065,-0.810026146251613,-0.9956300406895036,0,FP
-0.39943958847392413,-0.33328614294162007,-0.1987303104708636,-0.8126769680964308,-0.08321054068503934,-0.16811824955960916,-0.7904069667745103,-0.9963066044950274,0,FP
-0.13813725900213292,-0.14956450977085375,-0.2788281206955944,-0.8849591952596397,-0.2540073263668281,-0.1367745879508635,-0.7925086353970323,-0.9966230472457741,0,FP
-0.24135335201371755,-0.038612827145479506,-0.2903054853973794,-0.8950018414336209,-0.1493538120259357,0.056637048671350325,-0.8080933713199991,-0.9978260697253529,0,FP
-0.7463928735728326,-0.7539283804460576,0.3240451240412915,-0.14647928070418942,-0.4605866247447217,-0.46153177912007737,-0.7593010260352965,-0.9926991024805434,0,FP
-0.284847977918113,-0.2694932879494522,-0.2920269173215643,-0.8725364839458771,-0.23906347608930117,-0.18079287544904174,-0.7823209989991239,-0.9956482543623569,0,FP
-0.4640123792396805,-0.5089557116003111,-0.05589426142490328,-0.693192849083104,-0.4178230027377596,-0.22761486875908657,-0.7650360682430637,-0.9940557635117059,0,FP
-0.3793651457488185,-0.07341451219625718,-0.2804215042013654,-0.8840456022909763,0.18267979037672274,-0.14336695013457953,-0.8535186964388339,-0.9976703767930637,0,FP
-0.36715319309104594,-0.37510867367676065,-0.18107760138098022,-0.7925781264270648,-0.2260560622513215,-0.09288302404550325,-0.7904660365661129,-0.9965402002551965,0,FP
-0.19099995817824433,-0.0373576942373037,-0.3045656426320841,-0.899176021616512,-0.14349426046171046,0.15685607280788383,-0.8097287027326601,-0.9983539653795276,0,FP
-0.2470411107858308,-0.08886563268063542,-0.32554376901686055,-0.9097301277468001,0.221723742562921,-0.10463194887266394,-0.8357438281885561,-0.997709222040067,0,FP
-0.29672535653046717,-0.38885847125078693,-0.2667015019565828,-0.8244719929592372,-0.3431976005106123,-0.04823944966083404,-0.7800476855541106,-0.9959472311998404,0,FP
-0.09263518882522688,-0.32924280263000794,-0.29724862499823407,-0.8828942677473912,-1.945120896463665E-5,-0.11986491115374004,-0.7984736702857784,-0.9963083993242164,0,FP
-0.4896072937141901,-0.616330382655017,-0.03973339089825756,-0.6244906647277998,-0.3398932449504012,-0.34525643995800526,-0.8036603852237187,-0.9958435924752189,0,FP
-0.255070887875873,-0.07181270378109277,-0.29176520274673046,-0.8792315114402027,-0.191511331296755,-0.42780443018328845,-0.7866517524043611,-0.9939935331023757,0,FP
-0.2184350299025553,-0.1253489031603457,-0.32339763451478537,-0.9011462418917541,0.01980351448051252,0.14864646875295182,-0.8240464079963566,-0.9985786618580103,0,FP
-0.22930868637865418,-0.18221228971596,-0.3041574809470997,-0.883023875553562,-0.49898843076806426,-0.18761462293781406,-0.7384072318458188,-0.9916784304499854,0,FP
-0.16356488645393333,-0.12525283281302907,-0.2803565983803032,-0.8774298213616235,-0.10975052710293755,-0.045975523099840945,-0.8225395825041262,-0.9980491795644363,0,FP
-0.22546108485634228,0.3002647296458903,-0.340441232392456,-0.9301740144681289,0.12659033293855848,0.20434858141309795,-0.8304028274935064,-0.9986819671628517,0,FP
-0.16691062690811762,-0.29200955129828365,-0.3079925889025437,-0.8840959620298887,-0.13962003884507937,0.10353527106856009,-0.8088824445120341,-0.9983013258129433,0,FP
-0.13161306511647358,-0.11015955645839243,-0.3969537419353493,-0.9196289550693715,0.10457396118497361,0.36726106641682343,-0.8348736247285392,-0.999195901461816,0,FP
-0.6010204508385262,0.01877779507318452,-0.19299093639235398,-0.8554961686690326,-0.7120145707617961,-0.6252447729390165,-0.6377466424744377,-0.9643894721289863,0,FP
-0.14399230479695538,-0.18154059036518153,-0.3457480277743986,-0.8980307291620112,0.04690588506484456,0.0434379390631243,-0.8262499566530077,-0.9983135796800695,0,FP
-0.29906737484839613,-0.22650493855084503,-0.2729213573819374,-0.8731536701511877,0.002113926186611832,0.22906697839322446,-0.8128260395441459,-0.998705322686572,0,FP
-0.6164108569277739,0.11577959856969737,-0.15005129096030922,-0.830697767184209,-0.6017218686806493,-0.43299140400050756,-0.7259715278514333,-0.9873102602269118,0,FP
-0.3659821839320815,-0.3669908320027587,-0.169825877773421,-0.7846610782444493,-0.26954470145478354,-0.17517621099152894,-0.773433504835418,-0.9953280642659741,0,FP
-0.4533060097862908,-0.246533166654949,-0.254401901019359,-0.8601446638245972,-0.25429448431071655,-0.1027091310495451,-0.7964793492675913,-0.9968331975279935,0,FP
-0.4042909121324913,-0.07231053214949472,-0.1784835301722128,-0.8301066972557855,-0.28004966504665124,-0.06689619015661907,-0.7769263572176442,-0.9963616362390433,0,FP
-0.1756095520889967,-0.2223163840806245,-0.3783801624616502,-0.9190099972860695,0.2818105426481152,0.2782155286933885,-0.8469604180062493,-0.9989549856642516,0,FP
-0.40194889381456234,-0.23167370917219346,-0.1977952599524305,-0.8133969047178415,-0.01780651100709606,0.13663082366380472,-0.8338052762473993,-0.9988728096242914,0,FP
-0.2711304420559575,-0.13867008582514553,-0.3604649442492884,-0.9041002873812682,0.20066580424296535,0.1058347705407171,-0.8326140511767394,-0.9986339484076034,0,FP
-0.39709757015599517,-0.24585165920107563,-0.16301965722646916,-0.8077509667741962,-0.09234539759041673,-0.09307157442097944,-0.8056402116122582,-0.9972217622530898,0,FP
-0.2082305215172933,-0.19137452097350188,-0.251642627527064,-0.8547263849915204,-0.2617643779530461,-0.20204516059470137,-0.7798958816122714,-0.9960383670629315,0,FP
-0.19919702229099578,-0.17417419682050964,-0.297603679606107,-0.8768002105316455,0.030582829813628528,0.003079227510351812,-0.8059634590183496,-0.997565653822963,0,FP
-0.38204173811216596,-0.021559434751122052,-0.2807840090885053,-0.8953989482194867,-0.4140004903985699,-0.301855092134591,-0.7498509823989052,-0.9921093427663498,0,FP
-0.3618000083643511,-0.15187174547903726,-0.2358501358611971,-0.8410464564099775,0.3240060140509197,-0.005558318546448709,-0.861244836064556,-0.9975852562098247,0,FP
-0.2508887123081427,-0.08035057144535532,-0.301549434560046,-0.8973682356326914,0.13614923154037048,0.025240946036778664,-0.8383830169636743,-0.9982788110200308,0,FP
-0.4109823930408599,-0.637990906066019,-0.0030151308045093654,-0.6173306308220864,-0.07038657050743137,-0.17099163577312118,-0.8149400779639636,-0.9976054607446829,0,FP
-0.44845468612772366,-0.6709151158763703,-0.1278593326245995,-0.644188464816653,-0.28154186099768225,-0.5909439039108961,-0.8142144056738877,-0.996276269302019,0,FP
-0.42670737317552593,-0.4099427931222822,-0.14803802981653846,-0.7718874038440802,0.14177797948327447,-0.26300747788995893,-0.8243160851987894,-0.9974315513889446,0,FP
-0.15218936890970683,0.02264440925663269,-0.3748786748485517,-0.9256917127914783,0.12027907505559038,0.08270678884043768,-0.8324843812108849,-0.9986973571414466,0,FP
-0.3345322236627494,-0.1707793188058008,-0.2849069617210178,-0.8866831503757319,0.1603956142203922,-0.10529808961549332,-0.8210242644873185,-0.9975763465711979,0,FP
-0.3059261427794739,-0.5993215851239286,-0.06955149667813779,-0.6520471251871004,-0.33435459838766873,-0.39751771399616836,-0.8003393564579976,-0.9965596891755724,0,FP
-0.38455104345280416,-0.628628249804441,-0.2056282558735048,-0.7250646877410085,-0.300979444855291,-0.5364598411333633,-0.799989100529217,-0.9961594918361448,0,FP
-0.14968006356906863,-0.10438561412177436,-0.3450692074189779,-0.9072038169035942,0.06195200358077841,0.08762871731598844,-0.8391842029565147,-0.9981699889721867,0,FP
0.002551127096315503,-0.3592951604956637,-0.2964226026812308,-0.8617125236328803,-0.034769467211906754,0.16966842334208915,-0.8270589647671845,-0.9987842049004789,0,FP
-0.32449500230019657,-0.24203948169978035,-0.24778304349834734,-0.8496473398466146,-0.11513014384671659,-0.0719974235795681,-0.7992052782250094,-0.997544120051816,0,FP
-0.22897411233323575,-0.46402232006818184,-0.2274957570356926,-0.7919771094631761,-0.17108213491819585,-0.12209545809590376,-0.8055901738324431,-0.9975918386200899,0,FP
0.049726067500313664,0.03847159469025033,-0.4424159130909915,-0.9517544996147145,0.2963621719302316,0.2250064095722476,-0.8543366196512208,-0.9988126329810699,0,FP
-0.2600894985571494,0.05265369650131844,-0.31603011983984797,-0.9035954293886503,0.13233686683923093,-0.009596958532323539,-0.8398744736761862,-0.9978899279502043,0,FP
-0.17627870017983355,-0.29934006162239607,-0.34626724934675035,-0.890825728144145,-0.03420647247887481,0.10229904478162374,-0.8069761367156416,-0.9980153431202261,0,FP
-0.24888126803563212,-0.16213917071390388,-0.2690535181497916,-0.8710886075419851,0.06385050978108815,-0.04653826348720222,-0.8317969667951214,-0.9977338471168201,0,FP
-0.22780310317427124,-0.12727156690893693,-0.3545509879578023,-0.9018937606801376,-0.3870072934159845,-0.06381533258041058,-0.768228862055449,-0.9958508664956643,0,FP
-0.44343607544644725,0.1544158395526425,-0.23279261925490322,-0.8779117399131903,0.16357963370038142,0.07590061071073292,-0.8344449801196108,-0.9984034386394461,0,FP
-0.2517251474216888,-0.09324818463800066,-0.24266316919520156,-0.8668583514039966,0.09801928900635869,0.1537290010280241,-0.8349643018611821,-0.9984830759932982,0,FP
-0.3837146083392581,-0.6104035906225991,-0.20893851297572055,-0.7360829103144736,-0.2099677302683255,-0.4554441817074339,-0.8058656866604472,-0.9961379739965598,0,FP
0.0651164735895613,-0.1614374532089631,-0.3967546035930608,-0.9272075702590715,0.12265440707496976,0.08376983180593763,-0.8240498716340815,-0.9980865369272716,0,FP
-0.44728367696875915,0.06173156241964312,-0.24154262507296734,-0.8838105815152567,-0.15268205538776344,0.14918117802044806,-0.809094433637951,-0.9980433125025965,0,FP
-0.09865752164275857,-0.23649190001382528,-0.2679048136872712,-0.8664585300684364,-0.08071198130712351,-0.03748303742281724,-0.810129556889681,-0.9974824606636674,0,FP
-0.3412237045711179,-0.3353587841688356,-0.20288163181861343,-0.8300480252827468,-0.25751774021417967,0.0027858653599258415,-0.7957965568235896,-0.9974443667860445,0,FP
-0.4076366525866756,-0.26265281828148607,-0.18518069458559758,-0.8059335746993096,-0.056703630461236346,-0.18259192982009573,-0.8267291679183089,-0.9975976306703084,0,FP
-0.4039563380870729,-0.2116541805713854,-0.2316478229790142,-0.8479680986203005,-0.2552826566888151,-0.17638380324073674,-0.7743600439303759,-0.9951111557214342,0,FP
-0.29555434737150266,-0.039511778610118585,-0.2690034275021984,-0.8913007339849919,-0.30669800720952023,-0.03431955883892099,-0.7854807408664297,-0.9963244541198695,0,FP
-0.12609259336706954,9.168647640332495E-4,-0.3818047029485833,-0.9342237865524029,0.060594037690923586,0.19421954661915958,-0.8274665527449994,-0.9987067727418721,0,FP
-0.22178077035673957,-0.26511981437643,-0.2986697102510218,-0.880401643452151,0.1985468074791219,0.10306734429386609,-0.8361571796777195,-0.9985911165273622,0,FP
-0.21776588181171846,-0.10802996568497837,-0.3099784035541285,-0.8933002784659738,0.07646998382619245,0.025033516824997725,-0.8273464221277054,-0.9981866517811594,0,FP
-0.2923758939400276,-0.7380652179276204,-0.1992157563780667,-0.6475521064952492,-0.2582041993352923,-0.438641089725318,-0.804345017854312,-0.9967551671379757,0,FP
-0.38053615490778303,-0.13881219512871282,-0.246136364730482,-0.8618859178979115,-0.3940299909968834,-0.04242304910975739,-0.7696220676461445,-0.9961471363810439,0,FP
-0.2647735351930074,-0.12528152627663972,-0.32153702547777935,-0.8972820448977107,0.19833308429278382,-0.024048924097527482,-0.8348021752614891,-0.9980174128868002,0,FP
-0.4516331395591987,0.01922158244162377,-0.2592334908500125,-0.8827908178414301,0.28997093754582537,0.270126304356792,-0.8474678812735911,-0.998805734035496,0,FP
-0.18096273681569153,-0.11321741662911805,-0.28888498338129376,-0.8818642475386806,-0.39493998425379084,-0.059387260674126634,-0.7713221528375934,-0.9955348216272545,0,FP
-0.6568943164234035,0.32082615742431103,-0.17162484004036394,-0.8523746710972966,-0.03411697328637447,-0.10224068435739812,-0.7951555843705868,-0.9967694126392922,0,FP
-0.24235707414997282,-0.7799136177669159,-0.18080724602258672,-0.6196591569145662,-0.274858236691615,-0.5035257802026638,-0.7970725874397535,-0.9949851202367743,0,FP
-0.6155744218142277,0.19599471342098715,-0.20427464909418672,-0.8667087785961297,-0.6095968129990522,-0.3163410993794608,-0.7154682769604982,-0.9881963799341119,0,FP
-0.17644598720254276,-0.3701639099921217,-0.29273549865543075,-0.8594752348585556,0.07198592521498852,0.2532341102933578,-0.8179237333968845,-0.9989454221239412,0,FP
-0.219773326084229,-0.008194031693699342,-0.2946283241651675,-0.8990301019748456,0.2277885634007354,0.1812167794939166,-0.8490370387997543,-0.9985070282384265,0,FP
-0.18380661620174815,-0.16331716078542025,-0.3296679058392733,-0.9072148080503423,-0.23425367681043743,-0.0771578449596978,-0.7842097107765785,-0.9964851828229304,0,FP
-0.5960018401572498,-0.6755327199262806,0.1795423660897695,-0.41665439369008506,-0.3062068327832462,-0.4180210171239702,-0.7896162335593567,-0.9939564025462733,0,FP
-0.6316339759943123,0.2448433220332009,-0.18359899538044144,-0.8570664764042492,-0.4604180323841702,-0.18870888920409246,-0.7706707835954817,-0.9950508932352082,0,FP
-0.38338003429383966,-0.42198371578425403,-0.16511041808618354,-0.7582624089999579,0.08465621424522715,-0.22521775083440781,-0.8258992769085269,-0.9974710142291607,0,FP
-0.33553594579900464,-0.505019300525357,-0.17319988570583658,-0.7370018852823003,-0.29633632458610654,-0.5301092784206974,-0.8054623528007322,-0.9932518800162471,0,FP
-0.16289573836309648,-0.18572429243176297,-0.2975522645649696,-0.8864204553815713,-0.4218482621877135,-0.26060702947939884,-0.7404806754467648,-0.9918716869911921,0,FP
-0.23399272301451216,-0.18017894456007985,-0.28920091530050646,-0.8859264692427905,-0.2777867778822712,-0.13497474787047806,-0.7931150783861292,-0.9967387415580587,0,FP
-0.14951277654635942,-0.2185667811142098,-0.2884659661295403,-0.8907201763805892,-0.010105739632506387,0.018198982553427574,-0.8184722032125269,-0.9980918203229336,0,FP
-0.21308184517586048,-0.01723084723055593,-0.3068059404915806,-0.9018551317160404,-0.07916336582486079,-0.04925127858818979,-0.7965165267290198,-0.9971053306060527,0,FP
-0.2709631550332483,-0.25659153127925505,-0.2546311488181407,-0.8508599826023687,-0.19322216074084986,-0.04735608093432937,-0.795776171046895,-0.9968234264631197,0,FP
-0.3534356572288905,0.012614701550680847,-0.3260270816648894,-0.9041080742819093,0.24627707650425587,0.001425081777715647,-0.8349220609420245,-0.9982247931525405,0,FP
0.052235372840951866,-0.24363925975476033,-0.373050923959273,-0.9097753421351388,-0.15690973447760403,-0.14214628748975702,-0.793094202868617,-0.9965338014153193,0,FP
-0.6594036217640417,-0.6738398876386135,0.12986050066111765,-0.43658186687914063,-0.19364348082910873,-0.3214826745052752,-0.7863737750651032,-0.9947896366647109,0,FP
-0.04077621178537075,-0.1852266253727123,-0.38042173350028263,-0.9152729132226968,-0.07346064436655848,0.04013392343784128,-0.8273439480727026,-0.99838996911065,0,FP
-0.07306260716824892,-0.053348607211059884,-0.3587468669969182,-0.9203990962078384,-0.07309720509353473,0.06355054948851095,-0.8062336140398759,-0.9982856032541483,0,FP
-0.22613023294717913,-0.16624995408145807,-0.35276640931381203,-0.9065949393355092,0.06485091572533246,0.007098216689096633,-0.8197423107329094,-0.9980297529097616,0,FP
-0.07741206975868847,-0.29476279650377657,-0.36349871254620464,-0.9018977195199364,0.05226656970063359,0.0493177401472335,-0.8347023241073492,-0.998201490876751,0,FP
-0.37719041445359874,-0.1707677189663177,-0.29243362500708275,-0.8831440368342738,-0.3229850853099932,-0.14989310630438157,-0.7629394669743284,-0.9947105928543368,0,FP
-0.5777675546819455,-0.6673793095863051,1.8647478799486947E-4,-0.5351486030069907,0.2172270806562243,-0.2245689075239173,-0.8607654536434248,-0.997364291684571,0,FP
-0.14884362845552257,0.2666583168381202,-0.36575655054115885,-0.9343795634787094,0.3225633613045719,-0.021136655092793544,-0.8487450289011641,-0.9977544977313911,0,FP
-0.1516875078415792,-0.37227183222012084,-0.2974770857301164,-0.8728467332510008,-0.04702998089246177,-0.1076391735637296,-0.8092215419087371,-0.9971018241705131,0,FP
-0.0350884530132575,-0.2675688303241309,-0.3801156705944008,-0.9118419230885121,0.17706815404916482,0.15201254262780828,-0.8445319864172459,-0.9986918699631178,0,FP
-0.35443937936514575,-0.38191678174322574,-0.14953525355106628,-0.762417697428189,-0.20702720420256301,-0.06366968257391374,-0.7988453736988144,-0.9979052658582581,0,FP
-0.3412237045711179,-0.7154231375737308,-0.15731054008774664,-0.6530655994936748,-0.06344853046305322,-0.30996513305082407,-0.822492160582012,-0.9975375785541306,0,FP
-0.5879720630672075,-0.5625118469722866,0.05568677931681507,-0.5437859168258392,-0.36449576811766304,-0.3805863338040422,-0.7982774545881628,-0.9954403992284387,0,FP
-0.44343607544644725,-0.34122267697759284,-0.16793750019010417,-0.7954022504332052,-0.31932659336660485,-0.30659588238938607,-0.789734145212573,-0.9957104753044531,0,FP
-0.20889966960813014,-0.08829673450645108,-0.30513438971390405,-0.899177934950159,-0.06700524300181505,0.013378089086260697,-0.7997931135100158,-0.9975473589935291,0,FP
-0.5799422859771654,-0.45735850514581644,-0.08117966087611563,-0.7014670687000568,-0.051722287119343686,-0.0910288624584583,-0.8211708665180663,-0.9982216196445673,0,FP
-0.08544184684873071,-0.2708868146817536,-0.36149797453187876,-0.9040039578447991,0.15300623700860685,0.1376474204029233,-0.8489883464443638,-0.9984162276122491,0,FP
-0.3495880557065786,0.04294899658389017,-0.31193353623089753,-0.90564913855136,0.25659369638447466,0.1020023267947319,-0.8574158397892728,-0.9979638220659779,0,FP
-0.9110033039186985,-0.8301478415376996,0.8433105076186985,0.5835818872570419,-0.6562763757473334,-0.5863367180987581,-0.7527756507438671,-0.9906817525618984,0,FP
-0.39676299611057675,-0.3814639524789482,-0.21886297877832225,-0.8163294747220187,6.474636926109772E-4,0.03441063237655673,-0.813292004781352,-0.9979331761694543,0,FP
-0.18230103299736522,-0.10813685302012051,-0.3187284831942777,-0.9010145360995929,-0.3862988454296845,-0.043014863459487726,-0.7647688792785575,-0.9956740825248546,0,FP
-0.03375015683158379,-0.1940316943453296,-0.3668256460996689,-0.9075415974525061,-0.3361386019267141,-0.07783587682339888,-0.761187379561958,-0.9955312274184145,0,FP
-0.06469825603278825,-0.15603758041491217,-0.33152509450662965,-0.905214910211791,0.059987831387656225,0.10492028580315217,-0.8357609530233759,-0.998447782210501,0,FP
-0.17611141315712434,0.08571626500662362,-0.3101880262613696,-0.9100876829506873,0.11473496033508378,-0.02718247251611774,-0.8351073359736207,-0.9980198343856491,0,FP
-0.25523817489858225,-0.11084619537648802,-0.2668646699600434,-0.8745410848764719,-0.41261572236567484,-0.38416803009711814,-0.7289787375166721,-0.9891892154531696,0,FP
-0.15603697043201872,-0.16318126240533573,-0.3249028790158402,-0.9050382176776136,0.0015285717621675245,0.14940218668463376,-0.8251619281761036,-0.9985440239988955,0,FP
-0.3136213458240977,-0.15717845276154105,-0.26635460117999765,-0.8785955289654955,0.03693697487240955,0.08489390136646201,-0.8299770907077443,-0.998193320149771,0,FP
-0.46116849985362385,-0.3292769279029344,-0.201560959522799,-0.8185785219046264,-0.24869129738024842,-0.31906852920848505,-0.775695949627783,-0.9943901994856067,0,FP
-0.6530467149010916,0.36085420706660176,-0.1711775355571893,-0.8553674908262037,-0.04188650314104951,0.0517654562070388,-0.8038530127530797,-0.9977829962313974,0,FP
-0.16958721927146503,-0.11210600095633744,-0.34913407765542226,-0.9116679706657738,0.0702763970693641,-0.15651108471200784,-0.8196082513432253,-0.9978650993435974,0,FP
-0.752247919367655,-0.39367562082420743,0.18846498479452517,-0.5154580632720192,0.02731106768688621,0.013755984441520415,-0.8059330778738767,-0.9979121430619357,0,FP
-0.22529379783363307,-0.16840108797949682,-0.36566110592513534,-0.9158493024828633,0.13762659358480014,0.16616114706110605,-0.833493863737488,-0.9989787242445509,0,FP
-0.25406716573961774,-0.739336940068905,-0.2103689558765977,-0.6767264190799226,-0.2497603219266782,-0.38077546461108347,-0.7959261425093302,-0.9964855985094542,0,FP
-0.47455146167036094,0.048877907246677454,-0.2336685382027531,-0.8702383992129695,-0.5082465677573855,-0.47419712743131276,-0.7444727201746323,-0.9882184744072207,0,FP
-0.19233825435991803,-0.059996926233965055,-0.2875553015534659,-0.8999443790070447,-0.18037721081034044,0.08779679808948766,-0.8060496129872871,-0.9981669301198247,0,FP
0.021789134707875038,-0.34640634424051325,-0.3476437947453252,-0.8896923327488594,0.04823411053069963,0.15539130317679603,-0.8309582834288698,-0.9987278920234998,0,FP
-0.40228346785998076,-0.0017256984450362855,-0.2184954540095068,-0.8667368889180229,-0.5426888414064139,-0.20898862339612223,-0.7427872251140156,-0.992660834023144,0,FP
-0.8671741039688846,-0.7211066786422161,0.5086484708196934,-0.0159178851889973,-0.14895755878607994,0.06533849217719251,-0.783073099410765,-0.9967219408484495,0,FP
-0.1605537200451675,-0.24707885843457433,-0.3544549632421634,-0.9073562372234334,0.19321903880007948,0.036946435593742846,-0.8418535510821421,-0.9980352365552501,0,FP
-0.17862071849776254,-0.2007752062105175,-0.3357840079538251,-0.8989028571721269,-0.269410373003495,-0.16663456681954245,-0.8020924147849227,-0.9964681227891351,0,FP
-0.26443896114758897,-0.16349474683646617,-0.2544286874765473,-0.8673070132043125,-0.43157778109958106,-0.1327964263928288,-0.7717649269030376,-0.9955329525670118,0,FP
-0.1304420559575091,-0.32782932957891553,-0.33712272945785215,-0.8757761732677561,-0.002892699828717423,0.02882466286443988,-0.8210956678864061,-0.998369934240305,0,FP
-0.29521977332608423,-0.2300530409346836,-0.27113783362356864,-0.8736257504785399,-0.06370530324197035,0.1142117197916153,-0.8156630580888113,-0.9985843680878563,0,FP
-0.44142863117393666,0.024952565949597594,-0.29463041935700124,-0.9048111192628991,0.27114230113376175,-0.010709846453318711,-0.8445991330760916,-0.9977928874443567,0,FP
-0.4494584082639789,0.046975055667167344,-0.20431036832531205,-0.8633157364414766,-0.2977163126498487,-0.0023739154696004136,-0.780764627904259,-0.9964003840731706,0,FP
-0.1694199322487558,-0.13760817818120002,-0.31683841914532673,-0.8934056837524056,-0.1706927291831713,-0.13533315254948036,-0.7909659398520417,-0.9959992008163288,0,FP
-0.15285851700054368,-0.0750640594044825,-0.387053177797402,-0.9216650576354127,0.178805881657909,0.05798444494851986,-0.8308786377446361,-0.9982761349967499,0,FP
-0.29187403287189995,-0.10212922614509783,-0.29912352704465,-0.889243711169733,-0.3845043245689451,-0.1170374795279374,-0.7709328455551167,-0.9953676672813033,0,FP
-0.14215214754715402,-0.16673469186226647,-0.32521758131772416,-0.8892259841784776,-0.039578764912955394,0.013417889127107209,-0.8054753500490907,-0.9978659306720509,0,FP
-0.29304504203086446,0.04545509076043951,-0.3085154937364325,-0.9100125105237756,0.1296391749982272,0.18125215027435007,-0.8207689855269161,-0.9986835465387464,0,FP
-0.20655765129020115,-0.11491636726777983,-0.3561027029083998,-0.9178814422774103,0.19575889906606897,0.0066962248164948186,-0.8448324797956147,-0.9983355523252628,0,FP
-0.28718999623604197,-0.060283272919240544,-0.28825681082810783,-0.8998844642061262,0.08780509944077887,-0.09714156799685787,-0.8247942682498866,-0.9974686388817149,0,FP
-0.15202208188699762,-0.30418352621263456,-0.30227761671325015,-0.8774676162654209,-0.09773339009978299,-0.06409256769763103,-0.8036629160688046,-0.997012885599922,0,FP
-0.3149596420057714,0.2297421626994759,-0.3041445347935793,-0.9127064802151891,-0.16652050187729261,0.054480992659008604,-0.8029794279024953,-0.9975732005458819,0,FP
-0.44728367696875915,-0.6749250336984698,-0.1500156832566379,-0.6376410518166902,-0.2106294032646682,-0.5066998118322856,-0.8634186302793718,-0.9969320297055533,0,FP
-0.15503324829576345,-0.2408845696077157,-0.371949152465488,-0.908053486538799,0.12955423035754285,0.23974521379801214,-0.8351549028460654,-0.9988363446668207,0,FP
-0.809460081134206,-0.5420427426241182,0.3547181671287981,-0.29040843851660775,-0.1104748295670918,0.110072423710169,-0.7941663770076733,-0.9975562029350412,0,FP
-0.22629751996988834,-0.46576780433609605,-0.24176324674803681,-0.8103380538860302,0.07406096958597438,0.03303560771491238,-0.8317502670449815,-0.9986963040789446,0,FP
-0.289532014553971,0.13151265802956946,-0.32002425993202105,-0.9182653565732982,-0.369585142690021,-0.13687719240641347,-0.7680745728693842,-0.9950201301276196,0,FP
-0.19618585588222995,-0.32119309373711474,-0.3300287851122173,-0.8767625858553898,-0.3118563617443411,-0.06606781258535609,-0.7834863910099846,-0.9967479902096962,0,FP
-0.17594412613441512,-0.1421825965721699,-0.3505967780524716,-0.9077328996182993,0.0421122821428827,-0.18928271064203053,-0.8272713074895283,-0.9973698606821917,0,FP
-0.5886412111580445,0.1762990051027142,-0.1935647341837592,-0.8608461247814965,-0.46199065385124893,-0.0797062483588477,-0.7671525169212671,-0.9953270353066865,0,FP
-0.48325038685124,-0.6861013185674576,-0.11492731334876667,-0.5990389260633797,-0.5143289155597908,-0.5468064270892983,-0.7658424442518114,-0.9937666849458208,0,FP
-0.37417924804483293,-0.7882469862891,-0.03719157293606207,-0.48973026586291873,-0.07338128300383473,-0.3109559296087085,-0.828755965278866,-0.9982163398662401,0,FP
-0.36564760988666306,0.09610188888884308,-0.23947053199061216,-0.8795219347522495,0.09198636070430678,-0.08050011642854106,-0.8252766353325093,-0.9976800969319275,0,FP
-0.4454435197189578,-0.48476158552834514,-0.15467476275920342,-0.7481623631599507,-0.3880974753763525,-0.36749052843983776,-0.7810454957732831,-0.9940672151649182,0,FP
-0.3840491823846765,-0.14638936064941543,-0.3764648956815556,-0.9256030306548536,-0.5497365209128244,-0.32128291839656253,-0.7290787336423745,-0.990777830048327,0,FP
-0.5456484463217766,-0.6990126147467625,0.09982341714014575,-0.45899224170932656,-0.41693768642327217,-0.3442594875014849,-0.7523782920989935,-0.9912641532250623,0,FP
-0.5110200326209694,0.07581409952396813,-0.1992285543645693,-0.8589566045052203,-0.3606811098424819,-0.13598683225000463,-0.7873085269646838,-0.9963835850329968,0,FP
-0.27916021914599976,-0.11725566894544624,-0.2142422907014637,-0.844008678524456,-0.19029990916275386,0.05257041336048148,-0.8140610108506835,-0.9980936437556724,0,FP
-0.146836184183012,4.304332350385963E-5,-0.3483504069338926,-0.9176412900236502,-0.40095659415964235,-0.06792495983029008,-0.7616365154065371,-0.995568649896124,0,FP
-0.3281753167997993,-0.017341357378066066,-0.3151242278585572,-0.9098027813303203,-0.35407589405112455,-0.10778736803691413,-0.7763911612651465,-0.9953503673961067,0,FP
-0.16205930324955042,0.2818605775035214,-0.39376333871857067,-0.9509805854019143,0.413045373232299,0.13127641114782354,-0.870440108034854,-0.9979924559800702,0,FP
-0.4641796662623897,-0.7252381580886962,-0.06307199359578383,-0.545591503249142,-0.32799335819942615,-0.5393607268907298,-0.7862684327255522,-0.9930117603432962,0,FP
-0.10702187277821923,-0.09208454189147774,-0.38968359141152364,-0.9131059469741826,0.04677525850423509,0.2100682114141612,-0.8235902156429276,-0.9988355154700078,0,FP
-0.33219020534482036,-0.510979414529591,-0.2616608211146646,-0.7923584093159491,-0.296040989268119,-0.13464353482158556,-0.8015246458051907,-0.9978234513591376,0,FP
-0.2634352390113337,0.01068988224271576,-0.3234693591758688,-0.8992095576039988,0.17732398260812274,-0.06852925060891048,-0.8224852160927817,-0.9980131441244258,0,FP
-0.06252352473756849,-0.212127776926916,-0.3382735063281087,-0.9012003954737384,-0.07214773685210271,-0.12025292870129499,-0.8210979936470507,-0.9974866022238439,0,FP
-0.5496633348667977,-0.3382592062804781,-0.20802577281460424,-0.8155721898420143,0.2673104137384146,-0.031504768833314996,-0.8343831902481107,-0.9978472194167665,0,FP
-0.16774706202166367,-0.06859239902951864,-0.29854895282428684,-0.8966902450931991,-0.30341197844209233,0.06263590714932189,-0.7827417989490308,-0.9972304998487851,0,FP
-0.41951403119902975,-0.32924200439058926,-0.1610909923713837,-0.7877608679859491,-0.23431078389492585,-0.3784087686530601,-0.8132172835069911,-0.9972418205315817,0,FP
-0.478566350215382,-0.6160920240910107,-0.026001886967503024,-0.605298654283189,-0.17626716586286156,-0.19189474528971298,-0.801012912432112,-0.9969203813918519,0,FP
-0.4942913303500481,-0.6814227702178299,-0.1035859850131693,-0.5981259100009457,-0.14059789606304138,-0.3465236790467788,-0.8061965240380415,-0.9972808813956714,0,FP
-0.15770984065911087,-0.21416122533267146,-0.3071635871776672,-0.8779112290388449,0.001918530366587567,0.17212674822084365,-0.8266889651468743,-0.998787092408833,0,FP
-0.6184183012002844,-0.8013893553762561,0.2869807378503871,-0.1527276943022849,-0.434328105772056,-0.1581167057143068,-0.7721904533972295,-0.9958343618889635,0,FP
0.023127430889548745,-0.3547081128391436,-0.3625857092719962,-0.894919210571483,-0.02492940296396149,-0.09295182577921672,-0.8115655862794849,-0.9975295830287324,0,FP
-0.35109363891096146,-0.5833870145175959,-0.09639701551619981,-0.666931348630307,-0.5464171087108279,-0.5245322163372502,-0.7295870573492736,-0.9857867486333187,0,FP
-0.48475597005562293,-0.39786459058831153,-0.14266185991396918,-0.7689158377344096,0.002854539362549175,-0.03160284925134882,-0.8097224181634091,-0.9977228805147074,0,FP
-0.12257956589017607,0.02088159606751293,-0.3509774626184555,-0.9234915688434046,0.09708266069566107,-0.1696245296000745,-0.8390173825574682,-0.9975822368213985,0,FP
-0.26326795198862446,-0.17233701127540366,-0.3104768648720739,-0.8941176593511373,-0.45744560197149436,-0.3333663404418741,-0.7445868163506385,-0.9917396858395057,0,FP
-0.4066329304504203,-0.3151834755982787,-0.24707993927654293,-0.824443262928856,0.002098436238689231,-0.202529222666233,-0.8191759324440593,-0.9973046545256495,0,FP
-0.35443937936514575,-0.1110174018278162,-0.26247679691151465,-0.8819881075320264,0.005423734189851999,0.14985653785889522,-0.8224213092500486,-0.9983313359851542,0,FP
-0.21257998410773285,-0.15704970797959944,-0.35427907445268647,-0.9074955719673737,0.15726097476928805,0.13306273651759642,-0.8274511115909671,-0.9984030769301205,0,FP
-0.14215214754715402,-0.02970994975714871,-0.3801932671377319,-0.9240335254319425,0.24947132111616988,0.16409334361048178,-0.841768308095352,-0.9987232390197798,0,FP
-0.5295888921416921,-0.6027432852759504,-0.17937167951507763,-0.6881751783367723,-0.3553061105059149,-0.579131577882563,-0.7952389698826929,-0.9950282195890479,0,FP
-0.2928777550081552,-0.2739488856859408,-0.2924447723229149,-0.8822407829174574,0.13650470824272676,-0.04066168302352808,-0.8407464561589358,-0.997902239349163,0,FP
-0.0978210865292125,-0.3897382434146272,-0.325303885448474,-0.85064939837957,-0.12073837040705027,-0.24441841661405292,-0.8149656908062692,-0.997084559219244,0,FP
-0.32466228932290575,-0.7114257299633675,-0.11752943667481845,-0.6446093958381959,-0.14210187349273784,-0.02289381899710476,-0.8067586730395246,-0.9981443500085138,0,FP
-0.16891807118062815,-0.08558403122962219,-0.31969475603060094,-0.906902907699166,0.08694058540186561,0.026766049806528643,-0.8311390152379025,-0.9981523755552582,0,FP
-0.5049976998034378,-0.6493839828333307,-0.018018114615866974,-0.5831997958915546,-0.30211190311660074,-0.429441266594568,-0.8123873621302529,-0.9967848547958901,0,FP
-0.20923424365354856,-0.21137974492913855,-0.35356487288723226,-0.8965147266451806,0.14768193983111094,-0.027280138131572998,-0.8273490698173652,-0.9981622527387862,0,FP
-0.20655765129020115,-0.13799792452805715,-0.325182823302029,-0.9030410634100503,-0.08071102019488863,-0.20385860436644657,-0.8041824356016519,-0.9967623404853,0,FP
-0.2549036008531638,-0.12958309011643873,-0.2698048854852014,-0.8811908825818866,-0.34205752041958276,-0.25159388460956544,-0.7616729411411561,-0.9930991180427429,0,FP
-0.40228346785998076,-0.17171313273980246,-0.2557043564739176,-0.8716244506900334,0.05230528117759889,0.13066126121080576,-0.8287535610025745,-0.9983976340188346,0,FP
-0.4231943456986324,-0.4721596271596675,-0.16870265357366943,-0.7499966631171099,-0.2866725469483515,-0.3402033109860039,-0.7981315671283614,-0.9959170437889603,0,FP
-0.30525699468863704,-0.6910762876050985,-0.19570924978822152,-0.7019631266135237,-0.31020676499731303,-0.5781219132444584,-0.806889735309887,-0.9954112035546953,0,FP
-0.17912257956589017,-0.14789776740197988,-0.29563895615146585,-0.882022318274602,0.19031834515222526,-0.1879370206277207,-0.8357861220707429,-0.9974813334658389,0,FP
-0.17845343147505333,-0.16303306665051545,-0.3086615642353029,-0.8889450627589778,0.11617915603174629,0.06863593797855767,-0.8328323070370929,-0.9984870083028101,0,FP
-0.09865752164275857,-0.024525700361777324,-0.3106293597022035,-0.8999680717798677,0.11073102034483119,-0.11993364667575361,-0.8341099698360179,-0.9971832068116439,0,FP
-0.41984860524444817,-0.16232064033959936,-0.18213239747492124,-0.8235618841482298,0.09593110036587268,0.09359062956472072,-0.8348345757422024,-0.9982701086239841,0,FP
-0.5167077913930826,0.2764443713093713,-0.21114734732362278,-0.8761085144702616,-0.01754050356609912,-0.06985708016775083,-0.8059123364677989,-0.9973906056767243,0,FP
-0.048973275898122205,-0.12197161191317842,-0.3881902653061238,-0.9198293796132063,0.011619833459848499,-0.15556061831269263,-0.7993743355184915,-0.9972789965545821,0,FP
-0.23616745430973193,-0.33329895352006983,-0.27854891533408976,-0.8479761415361365,-0.13594622315942254,-0.16919834265658446,-0.8044181515754115,-0.9966994866507962,0,FP
-0.39191167245200953,-0.6786295561953398,-0.037706824002348614,-0.6150958732842927,0.03998584563550479,-0.07418511560369832,-0.8372408118781912,-0.9982470432630788,0,FP
-0.11856467734515495,-0.11869727619584541,-0.3736413697670511,-0.9119093244817785,0.042761782721325345,0.11302199911223987,-0.823934360663654,-0.9986375623794262,0,FP
-0.3827108862030028,-0.702865797644512,-0.16881319928046126,-0.6455092854625666,-0.4101654618393117,-0.6433230530024812,-0.7799699875749208,-0.9927726763427499,0,FP
-0.3591234160010037,-0.28772856114606826,-0.27032507828752944,-0.8442381466528309,0.1539635483918694,0.016787377313262658,-0.8464328953923955,-0.9984887668647697,0,FP
-0.4840868219647861,-0.6084819846866291,0.0036493333008499177,-0.6016211063904316,-0.3404729817379067,-0.2878468611413528,-0.7623594133744631,-0.9927860135736958,0,FP
-0.10083225293797833,-0.3632357779612487,-0.3106000988477719,-0.8656286857738873,-0.24714621237463377,0.009975576855669388,-0.7965910045687806,-0.9977948908452369,0,FP
-0.36196729538706035,-0.16952539023988805,-0.2614098664656746,-0.8555221392900452,-0.13732946909970653,-0.044122051666496034,-0.7982933602966453,-0.9973076417496887,0,FP
-0.42503450294843376,-0.45724965427671943,-0.20281955878684027,-0.7846459243734434,-0.01519464949074411,-0.19849345608492708,-0.8267010121871098,-0.9977039752663769,0,FP
-0.32499686336832423,-0.2741369741215822,-0.29320604788523924,-0.8798768248244799,-0.4117360881906311,-0.21420165675100777,-0.7597062113876015,-0.9939355191749842,0,FP
0.0527372339090795,-0.2834010392184823,-0.34572188096114437,-0.8919911659432723,0.051619031072633235,0.14975987763137444,-0.8304450747079288,-0.9987710821566739,0,FP
-0.43473715026556814,-0.21059292444264,-0.2408313826248705,-0.8384561165038934,0.04569566859752628,-0.24891600428455418,-0.8422026388252739,-0.9978836977196656,0,FP
-0.6562251683325666,-0.7997296506649356,0.32794429042230794,-0.10277709319873571,-0.5505725143794518,-0.5425128250760524,-0.7223909855511943,-0.9860392611328954,0,FP
-0.16757977499895446,-0.14931676589964246,-0.327290259366201,-0.8889776924019115,-0.317851050626535,-0.006015447695528895,-0.7744737453518751,-0.9962171053208835,0,FP
-0.2858517000543683,-0.718000985100722,-0.20586156549572807,-0.6794088781285545,-0.3293752740947983,-0.5834243205884421,-0.7980995186357567,-0.9951016849917352,0,FP
-0.16908535820333737,-0.1345035275618174,-0.3154655201475202,-0.8988450955926582,-0.36338021951983906,-0.1217712604253749,-0.7704567865242505,-0.9950708364768582,0,FP
-0.16256116431767806,-0.10149200381297407,-0.3947720037112898,-0.9344838513995581,0.23517254937777893,0.08599920396054715,-0.8449278000310896,-0.9985645772476995,0,FP
-0.22646480699259755,-0.11443511236368013,-0.29645695448441745,-0.8809582659436257,-0.07543799068863029,-0.031290023483364765,-0.8204642433065804,-0.9976850503135726,0,FP
-0.10350884530132574,0.03398959420184454,-0.3384372045796595,-0.9162318439960259,-0.5577641254838365,-0.32816374977148904,-0.7142174365705433,-0.9880350626090394,0,FP
-0.8481033833800343,-0.7900519754633135,0.5913733135628085,0.19059224738986005,-0.4446902886711906,-0.3295244273208589,-0.7970314868658871,-0.9965231408948421,0,FP
-0.21274727113044206,-0.1875849935751592,-0.29745988067975915,-0.8792606617041788,-0.18996684423378724,-0.11849516404621792,-0.7928591803188093,-0.9966203990657606,0,FP
-0.4747187486930701,-0.25547107439165406,-0.17086591500057735,-0.804895605557741,-0.027051420711912102,-0.16339060260127486,-0.810282784707896,-0.9973285403509338,0,FP
-0.49362218225921123,0.008015149249475313,-0.2662987669489589,-0.8911886830083491,-0.023441342929348925,-2.7833272589646306E-4,-0.8069095845240682,-0.9976378523807987,0,FP
-0.32800802977709004,-0.7400633782656809,-0.16402517220206156,-0.6238994699179634,-0.4742731562527125,-0.5776600379681454,-0.7539161972234623,-0.9892464992553309,0,FP
-0.25824934130734806,-0.1669637095122445,-0.3148636180409797,-0.8929629848120699,-0.3745555433492769,-0.2629536443191204,-0.7484689798742434,-0.9927061766815141,0,FP
-0.4710384341934674,-0.7278813164263077,-0.05458073846923756,-0.5331146641640899,-0.20030623522687319,-0.403520631784499,-0.8170568195736849,-0.9971179521801011,0,FP
-0.1229141399355945,-0.3651761012138731,-0.314099160085185,-0.8620880098498336,0.14410882154112836,-0.020500603813388748,-0.835246155830893,-0.9982184263942322,0,FP
-0.8524528459704739,-0.7964371689535917,0.6131141142886054,0.23176529753207073,-0.4647809640367294,-0.567432170645566,-0.7348919215521759,-0.9875751279532534,0,FP
-0.3609635732508051,-0.48099764038510784,-0.19779633907003583,-0.7934542458207744,-0.07736261103871793,-0.18422291132881458,-0.8238376860014197,-0.997917058094502,0,FP
-0.22863953828781733,-0.104049340519519,-0.2689299190051361,-0.8826054327545407,0.049074316800035794,-0.05576174475221712,-0.812813751590601,-0.997709332216634,0,FP
-0.06971686671406466,-0.10426941385379027,-0.3314224940550792,-0.8947199684750987,-0.38063323116787023,-0.41008765843279915,-0.7474994108766034,-0.9902467991247779,0,FP
-0.3848856174982226,-0.5356877677423685,-0.10609620241732257,-0.6850097037219507,-0.23136966790071387,-0.40649502390066977,-0.8034038826782756,-0.9955915125603847,0,FP
-0.33921626029860735,-0.28523737210219446,-0.20280509245339023,-0.8284508875791767,-0.08950455262098415,-0.07305564503422012,-0.7992220345426696,-0.997193368854619,0,FP
-0.5034921165990548,0.08420812036756657,-0.25194205223683375,-0.8856969131062414,0.30814249125687987,-0.0071466195139122494,-0.8378832271305201,-0.9983714833846229,0,FP
-0.17109280247584793,-0.12005276304561321,-0.38171651628428066,-0.9146070906373942,0.15635041827462298,0.24923699939185615,-0.8471626764415259,-0.9990203942668052,0,FP
-0.15988457195433065,-0.24972079069140013,-0.32308646455241485,-0.8883088453668865,0.1243541882789721,0.2015721303289281,-0.8396613317949196,-0.9989312075903424,0,FP
-0.19166910626908118,-0.30797189053515367,-0.28950357129001425,-0.8700974546027672,0.06628678103882804,-0.052046405043590996,-0.8356298424716233,-0.998143537181997,0,FP
-0.17376939483919535,-0.12356432138915074,-0.2883348262931705,-0.8858875452899214,-0.2521933654675335,0.004383071327515674,-0.7890577188365545,-0.9966853623296045,0,FP
-0.30174396721174357,-0.02025116778852778,-0.21481563096083955,-0.8556574622994312,-0.10257358475873984,-0.1306942079117492,-0.7990515816431157,-0.9970621870491011,0,FP
-0.16021914599974907,-0.3467255091011254,-0.29512139972864626,-0.8504757066133734,0.02809982655475657,-0.1124412432473861,-0.8341542523583939,-0.9985971378812584,0,FP
-0.21408556731211575,-0.439350074011934,-0.28194382899325265,-0.842020002360502,-0.22930320681759367,-0.02415850175341271,-0.7919633177149733,-0.9972970459361987,0,FP
-0.45614988917234744,0.15510667847277254,-0.24443548981368257,-0.8848643639109628,-0.19482699528918368,-0.12502775639451968,-0.8190825995748582,-0.9973785929934635,0,FP
-0.4747187486930701,-0.5004712318047451,-0.10497403595874581,-0.700688633372058,-0.37996397577294927,-0.4392046033868613,-0.7645927051457193,-0.9921833452194276,0,FP
-0.2256283718790515,0.09205116074407377,-0.3180826197444868,-0.905564781506005,-0.20584997956384904,-0.15167999899081042,-0.7975367229948614,-0.996518510615937,0,FP
-0.2605913596252771,-0.5484082150341576,-0.23308925722620785,-0.7799407268211929,0.1841997463076301,0.020758565882055654,-0.844869509780114,-0.9983111673166797,0,FP
-0.3812053029986199,-0.236741837527362,-0.24205677910405715,-0.8545499054299136,-0.2126361220978724,-0.16303826609510244,-0.7873561537483039,-0.9961962676535459,0,FP
-0.3470787503659404,-0.01639325013838095,-0.25854347551917334,-0.8858501158821599,-0.41039664125775727,-0.28478075412742837,-0.7447183776773242,-0.9921065679603434,0,FP
-0.38923508008866214,0.03667335176009959,-0.26395234828367836,-0.888817922701324,-0.28341302606679514,-0.2033868683051695,-0.775186403100192,-0.995317061453297,0,FP
-0.071557023963866,-0.0732965451706473,-0.4001676338474718,-0.9323005198656623,0.20707985723307365,0.14122895255435028,-0.8479920252411033,-0.9984790466777911,0,FP
-0.2032119108360169,-0.13325553159927622,-0.3212343560148864,-0.9071822439671458,-0.028002912961615976,0.19176873010534023,-0.8198331569034981,-0.9986552149548367,0,FP
-0.4379156036970432,0.050051343862481584,-0.20661282777895237,-0.86344000395479,-0.2990530791226964,0.07775584487541416,-0.7964932866760657,-0.997691003732425,0,FP
-0.5284178829827276,0.12979670343143018,-0.19527177874461893,-0.8606036422426306,0.040239046724205904,-0.07215586115513761,-0.8139412983960906,-0.9975443862220638,0,FP
-0.3231567061185229,-0.03938330318155324,-0.24092893230650708,-0.8748845619945363,-0.20551505782698232,-0.2931841405409414,-0.7752116175360999,-0.9932065372879679,0,FP
-0.272301451214922,-0.31452869546079,-0.29514546586914736,-0.8653435214853469,0.05854613116850371,0.1586046243515533,-0.8231838986875751,-0.9989350455294487,0,FP
-0.5546819455480742,-0.5025110853186613,0.017229570389931607,-0.608059037407724,-0.25870406179767164,-0.39487117742304234,-0.785534059312575,-0.993333378296075,0,FP
-0.3798670068169462,-0.7014704930907473,-0.15673880088883038,-0.6504477763740145,-0.27850886570098166,-0.281912571583381,-0.8060480284808065,-0.9981787207256946,0,FP
-0.3137886328468069,-0.3303174008527312,-0.22674648233820635,-0.8074668020863668,-0.1115030245620571,-0.121442275373361,-0.7944947346931897,-0.9969816399192343,0,FP
-0.28551712600894985,0.08180569455468413,-0.28077998098874585,-0.8959450042245424,0.09498448958952735,0.22118039442282594,-0.8319027125995754,-0.9987642701592384,0,FP
-0.32917903893605455,-0.28461097793793955,-0.24160112240908005,-0.84795533554932,0.08087121311288653,-0.20315889747367258,-0.8319981823237043,-0.9969742034588859,0,FP
-0.09882480866546778,0.054621847722215705,-0.4091597383388843,-0.9333917347166235,0.11831875992012503,-0.002144470895689948,-0.8199886310218902,-0.9978943084246311,0,FP
-0.34925348166116016,-0.5137225883185929,-0.24218391553517052,-0.7855197906909352,-0.29899665338568177,-0.36440895052549693,-0.7971518974101468,-0.9954388204364611,0,FP
0.05474467818159006,0.06359717242900467,-0.45744696570405413,-0.9593462015678342,0.3031685120331029,0.23971497678217552,-0.8455483117534056,-0.9986547952757826,0,FP
-0.1416502864790264,-0.3088135145319175,-0.3545350333582471,-0.8791931121741207,0.07924828473730985,0.20299698721654919,-0.8274354328570371,-0.998998919233381,0,FP
-0.2995692359165238,-0.3017763695307779,-0.26131105947588623,-0.8497208838189854,0.14365367619164598,-0.02709024756807945,-0.8491735612781537,-0.9978834728735727,0,FP
-0.443268788423738,-0.2578669711511241,-0.1184580093505327,-0.7699156043320303,-0.20407136787519517,-0.4555088852353606,-0.8109234371799124,-0.9958713964915631,0,FP
-0.6871732675337711,-0.638661401623132,0.15576731057458876,-0.4426978314629689,-0.1347335164534402,-0.3276026693729707,-0.8033434427323675,-0.9956633185226541,0,FP
-0.08744929112124127,-0.13616507099975889,-0.29340584674515413,-0.894251381570927,-0.004413413187757145,-0.05898301571744394,-0.8114453213012816,-0.9974782183800754,0,FP
-0.24068420392288067,-0.34381927366693127,-0.2046385870467717,-0.8017588033771074,-0.244986493191303,-0.23245997994224432,-0.8054618442908956,-0.997247629506675,0,FP
-0.548325038685124,-0.7474449981159187,0.052904798143107216,-0.41732460795081006,-0.24177693618944654,-0.4182185496164783,-0.8057049702903122,-0.9966060218577196,0,FP
-0.3186399565053741,-0.2262087150742559,-0.3068505325099147,-0.8923729566885635,-0.2770809386700185,-0.13278777650983523,-0.7817035993510626,-0.9956447266873613,0,FP
-0.24821211994479528,-0.07825869030945336,-0.31457183163458347,-0.8984738235181859,-0.27077645767500025,-0.01923745246287617,-0.7764597885532949,-0.9966023841910722,0,FP
-0.1543641002049266,-0.3365486011290298,-0.3517068622629418,-0.8888374188640524,0.03508188805765197,0.01021958050876677,-0.821810462171172,-0.9982475840233453,0,FP
-0.21626029860733553,-0.2258247961351294,-0.34261104982782636,-0.8909406333687219,0.0015894757194196826,0.12161288528506214,-0.8232355012971871,-0.9986614454162264,0,FP
-0.10267241018777969,-0.18682835863539302,-0.31866310576451506,-0.8933455492973231,-0.3717748516094173,0.006343272833364803,-0.7744353664025283,-0.9966117934866026,0,FP
-0.30140939316632515,-0.2207165217469811,-0.24813731733360384,-0.846990416337097,-0.2904636496799839,-0.06212038916167036,-0.7789643073086564,-0.9963516148333864,0,FP
-0.0877838651666597,-0.086941857843287,-0.3473160440128506,-0.9151817382880183,0.08833717025099143,-0.07101694939451533,-0.8224391508108547,-0.997781207540294,0,FP
-0.21207812303960522,-0.15785460174523683,-0.3414723475439453,-0.9005392182326264,0.1853820709663191,0.06980562850418401,-0.8361747356638686,-0.9983227150717631,0,FP
-0.36313830454602486,-0.027451119744987446,-0.23031871141724153,-0.8702482337544387,-0.23872360407419357,-0.004709108919878658,-0.7945589119509875,-0.9969398492382398,0,FP
-0.0514825812387604,-0.05206329780396048,-0.38404739919129927,-0.9273144508413266,0.29619554842310364,0.07777610292685576,-0.8464472572322959,-0.9982744542136048,0,FP
-0.5493287608213793,-0.5403930817723874,-0.05639509562718389,-0.6764720491536984,-0.041159901565592724,-0.09567469143584904,-0.807363883908348,-0.9970680376926975,0,FP
-0.04362009117142738,0.10921245567933874,-0.43064817113802395,-0.9515834232044498,0.19655411983426901,0.11403604131415569,-0.8369333450820986,-0.9984246139630213,0,FP
-0.24520095353602944,-0.32823845858607337,-0.2816617125158391,-0.8582684458796883,0.06748171289122717,-0.12253380188436182,-0.8256979704754707,-0.9975443662825481,0,FP
-0.2319852787420016,-0.5160035795034149,-0.29250654415414584,-0.8392004707265363,-0.4728713542775746,-0.5048983875727325,-0.7373041147178652,-0.9872680612137632,0,FP
-0.24001505583204383,-0.28690190041712427,-0.3105316530455748,-0.8590449511915181,-0.16617385982165578,-0.2687263576008543,-0.7889453031246996,-0.9952326418269333,0,FP
0.00489314541424449,-0.08587095124546315,-0.38156158616994384,-0.924133591198121,0.1254501194505275,0.17973524385931616,-0.8341965905675256,-0.99862150812779,0,FP
-0.19652042992764837,-0.04276877796099155,-0.32169828526781713,-0.9067101494696649,0.29489594863443863,-0.1392621949805197,-0.853768578892273,-0.9970852874123342,0,FP
-0.3823763121575844,-0.36777055170513084,-0.253890551925859,-0.8225699600987649,-0.23413511970729184,0.08166858391528975,-0.7890602186989583,-0.9976492624231785,0,FP
-0.21676215967546317,0.07968042051571252,-0.3233655917883949,-0.9132506277454183,0.024221879175121145,0.039838406683288655,-0.8207371785580387,-0.9984031878797112,0,FP
-0.42469992890301533,0.13083059257073493,-0.23871616141753604,-0.8791681295876518,-0.14032299438905482,-0.16795006872585966,-0.8182166318089409,-0.9971960029582603,0,FP
-0.38455104345280416,-0.7044288386203528,-0.17780378268701547,-0.6393164465941878,-0.22330630491555759,-0.45567830317184943,-0.8189367470415682,-0.9973620229404491,0,FP
-0.16389946049935175,-0.37544008496008124,-0.32182543287982923,-0.8641670989549456,-0.0958162961680787,-0.18376541225098342,-0.8019372420589695,-0.9968902758832493,0,FP
-0.36062899920538666,0.029509045700282416,-0.2383648875622021,-0.8733785982584592,-0.29632052508924905,-0.2053070547007666,-0.7769657497683248,-0.9951425424672768,0,FP
-0.5894776462715905,-0.6065561362606766,0.019093010024288013,-0.5663068765308313,-0.14995188655618297,-0.4857638134698594,-0.7938600510929781,-0.9937354431411483,0,FP
-0.14549788800133828,-0.30756439850307404,-0.3192696022350738,-0.8851411706593091,-0.35142864785304145,-0.22570434615562257,-0.7594013422322209,-0.9935810268822254,0,FP
-0.33971812136673496,-0.23709731294724476,-0.2189694120862043,-0.8310836358590437,-0.23394276600688263,-0.35236720402277044,-0.8112565786297431,-0.9969893270784616,0,FP
-0.15018192463719626,-0.35256277224389315,-0.2946921434280982,-0.8663244312013606,-0.058139364158364584,-0.21466633801753796,-0.8069495295240475,-0.9965034599375334,0,FP
-0.465183388398645,-0.44635284411466924,-0.15238099951098777,-0.7631818781503935,-0.2729014621036408,-0.1801321747771448,-0.7939048172573022,-0.997041795148646,0,FP
-0.29689264355317635,-0.16052730945079507,-0.2924564306621264,-0.8856130067121848,0.14585927078987052,0.03764369039937506,-0.8276666617878983,-0.998119599556755,0,FP
-0.48642884028271505,-0.769751770256321,0.05392060525665376,-0.42353697998678475,-0.20539097083263635,-0.2862901262750003,-0.8179754668216751,-0.9979667751971786,0,FP
-0.5244029944377065,-0.44155737835011183,-0.06749004276389814,-0.7314171134174512,-0.03393404868844337,0.08579875356147683,-0.8138885483019537,-0.9984445302635166,0,FP
-0.5484923257078332,-0.714821997070758,0.02206714161933399,-0.4905432326356689,-0.24251589621201344,-0.4576035091846919,-0.8071688455473395,-0.995308642390265,0,FP
-0.15888084981807538,-0.13508578112334016,-0.3697057914017062,-0.9168624317693889,0.04072222454075691,-0.02981276919267756,-0.826689949925874,-0.9979267189927,0,FP
-0.465183388398645,0.026643817065115264,-0.19548189755396814,-0.8548399977155067,-0.6086777732223777,-0.5586602955551202,-0.7340099598326005,-0.9853786106188005,0,FP
-0.2485466939902137,-0.2948083879988593,-0.2573610454039057,-0.8617433101833121,-0.3511550324286137,-0.4619904652734278,-0.7816790303549633,-0.9925377162118583,0,FP
-0.45096399146836186,-0.7774806596394889,0.05376594223709596,-0.433441371568652,-0.16506599772005057,-0.18392756331155166,-0.807441656825606,-0.9975492479547288,0,FP
-0.32298941909581363,-0.5939705656059756,-0.06886517029983266,-0.656279511545833,-0.24126524170868452,-0.20611622077175273,-0.7923576445794126,-0.9962039494542494,0,FP
-0.29187403287189995,-0.5329013046364806,-0.24776293151486348,-0.8047975597130778,-0.2615220129231171,-0.2531780883957234,-0.7687598837165655,-0.9939857173700951,0,FP
-0.084103550667057,-0.10052145542661631,-0.3528977974827694,-0.9004370362069434,-0.06926869178910523,-0.14683158115015946,-0.8231017084848979,-0.9972303143190983,0,FP
3.7639580109573E-4,-0.23192814241977358,-0.3690126558761735,-0.8962122722500255,0.03217281639668629,0.0252431485107115,-0.8381040845276433,-0.9990136133661761,0,FP
-0.2157584375392079,-0.28077714067419796,-0.2761124205733851,-0.8584644254498744,0.014251802824213119,0.07224357558532642,-0.8279382939620002,-0.9985857742965739,0,FP
-0.4052946342687466,-0.33113870406816537,-0.18821530790507904,-0.8023296698925637,-0.43141927936184077,-0.18463503029340458,-0.7559758709357974,-0.9936570749676481,0,FP
-0.21692944669817238,0.0285245095447453,-0.282391649667956,-0.8896366965971287,-0.40295723807797346,-0.3481966312784356,-0.7987326710003797,-0.9958538540038664,0,FP
-0.46702354564844634,-0.6414133143766315,-0.16073173151342385,-0.6681048886354696,-0.2619502325390392,-0.4719625672707627,-0.7843115715533545,-0.994106382246742,0,FP
-0.09480992012044666,0.010932674335728913,-0.35982220397040154,-0.9207465039971341,-0.2797593343946554,0.021829301086539382,-0.772307112345824,-0.9965308841352465,0,FP
-0.3500899167747062,-0.4289528430503626,-0.2661099956526242,-0.7994304961060962,-0.33918357698782353,-0.426972582145985,-0.7718064019973896,-0.9934667492618375,0,FP
-0.09999581782443227,0.24065422778605702,-0.4353320555851178,-0.9536099323615759,0.2234551034595331,0.18266804841047088,-0.8405557989094595,-0.9985572708858309,0,FP
-0.4101459579273138,-0.5976662767504725,-0.22091161519981517,-0.7432044636733083,-0.3552276752333027,-0.4242939846337507,-0.7797954709545265,-0.9956200487648642,0,FP
-0.15001463761448705,-0.2737664436802343,-0.33595071101158563,-0.8872415823743288,0.0748125156219367,-0.08498144168519174,-0.8313747990158044,-0.9982920512406227,0,FP
-0.3101083183472042,-0.02119224511858896,-0.2848972503060745,-0.8920767124810813,-0.3082086607954351,-0.3378032958767841,-0.7846816775774412,-0.9939507611285293,0,FP
-0.3882313579524068,-0.12353525611680953,-0.3297200044234491,-0.9103291453175466,-0.366653590594166,0.01288341294942868,-0.7637702574001681,-0.9957215596069944,0,FP
-0.5242357074149973,0.2619204222890828,-0.2488031706618117,-0.8918370885768232,-0.7453537122118178,-0.6008032837185254,-0.6268022498282111,-0.965921361356509,0,FP
-0.37501568315837897,-0.17242562203406156,-0.24780964388205345,-0.8696475143203303,-0.2878353889524551,0.10746192639051959,-0.7988271755638046,-0.9979508554332069,0,FP
-0.3226548450503952,-0.05501807386759761,-0.2667426916435156,-0.872020619775072,0.06426338166860636,0.09087995348029378,-0.8228922272842071,-0.9982374117032303,0,FP
-0.2018736146543432,-0.04089332429778097,-0.3307678032455082,-0.906488444357023,-0.04561859305990473,-0.05144826594560999,-0.8209572039079922,-0.9975103635173905,0,FP
-0.27832378403245367,0.03462948813733301,-0.3018882267718957,-0.8985981896214862,0.16996539937857497,-0.1796364573781051,-0.81399260771855,-0.9974884064739961,0,FP
-0.15954999790891222,-0.2778302155007356,-0.3083695731138901,-0.8705480666214147,-0.04893967601639554,-0.20099088997934128,-0.8230793314617956,-0.9965905551911939,0,FP
-0.2107398268579315,-0.3536976108343778,-0.3076141347247645,-0.8691947800788205,-0.20841440119324764,-0.1854366509051007,-0.7838938806415373,-0.996163659440393,0,FP
-0.2923758939400276,-0.43984879907818264,-0.25495457714788244,-0.8100837012260734,-0.1331642226517494,-0.10513246865050942,-0.8074617035178926,-0.9983204420673774,0,FP
-0.1558696834093095,-0.1698335425578539,-0.33907571063610303,-0.9041641294568219,-0.3419126893988889,-0.2741985832520828,-0.7756410209314518,-0.9948943608115309,0,FP
-0.15235665593241604,-0.016377286674213357,-0.2775949998442451,-0.8908174272672967,-0.29977576874194495,-0.006367319251830926,-0.7961600295228769,-0.9975028982489623,0,FP
-0.43456986324285896,-0.3249275365026383,-0.2001192753945841,-0.8131505498536502,-0.2414253852250655,-0.09966966737847478,-0.8128710188557334,-0.9977893761445188,0,FP
-0.4969679227133955,0.1575602284293425,-0.28497607519983403,-0.9046700139796906,-0.7004441851795317,-0.5720080636432587,-0.6400148088504136,-0.9694449703462085,0,FP
-0.32332399314123206,-0.26130998418157503,-0.2776291402560511,-0.8625932686579337,-0.17104002173838767,-0.028683284809164048,-0.7921771286300215,-0.9972881192551761,0,FP
0.06929864915729163,-0.11764530175689594,-0.3952827732883507,-0.9360716665376805,-0.030313744608970846,0.0115592675568317,-0.8096590992432082,-0.9975604471427261,0,FP
-0.38087072895320145,-0.5720610476479621,-0.1472646539879686,-0.722125859476024,-0.006331694624035616,-0.22980045087862042,-0.8353013494644531,-0.9975790686612197,0,FP
-0.20789594747187487,-0.5378342699541184,-0.1986977021438289,-0.7459896065252726,-0.04566314557213786,-0.027213836122410705,-0.8096874865562871,-0.9982429284011357,0,FP
-0.18631592154238635,-0.2646089978136328,-0.3329950363052565,-0.8919515835429808,-0.07047909648207734,0.09859965951113137,-0.8034737314335807,-0.9978827601833694,0,FP
-0.2523942955125256,-0.3845406629891159,-0.24327934400052653,-0.8240140149917792,-0.12883481165549387,-0.2592477212838075,-0.8211392945918717,-0.9965583096788352,0,FP
-0.4049600602233282,-0.4988702544908137,-0.23031086117952998,-0.784877050724503,0.026838467445924906,0.09459283161031783,-0.8228828302532187,-0.9987792024020778,0,FP
-0.3089373091882397,-0.6267366685814838,-0.12773702244049617,-0.6961402864023442,0.17654684465806192,-0.19810688702603235,-0.8681673415347638,-0.997223145891396,0,FP
-0.5591986951612229,0.11589545101050823,-0.21536674620774457,-0.8688004381620581,-0.6746842834871832,-0.5849335176639828,-0.6467764540564439,-0.9698164308388667,0,FP
-0.02220735226464807,-0.3385989920269956,-0.3716062721470409,-0.8966254390997908,0.01714615816763486,0.002777680415182898,-0.8191828566568042,-0.9980123676234798,0,FP
-0.1443268788423738,-0.22632484966995742,-0.34126582174456194,-0.8978958294165443,-0.05126642510722592,0.08592312048915672,-0.8088125642114009,-0.9980145609853112,0,FP
-0.3400526954121534,-0.279577466874892,-0.32334054981283505,-0.8875531636572435,-0.41118597618179986,-0.1066431161261718,-0.7615703806133154,-0.9947496471840214,0,FP
-0.47087114717075823,-0.24628263715041673,-0.31639243099177466,-0.8862382839980338,-0.5040532930345116,-0.26782256231995133,-0.7505116920836256,-0.9923135532420404,0,FP
-0.2181004558571369,-0.16920969488155044,-0.3448996467768776,-0.9013241990584115,0.05908112559700143,0.11382987211166258,-0.8275468079340138,-0.998600545650252,0,FP
-0.5484923257078332,-0.5661795095122338,0.10402446955698065,-0.5417172743905811,-0.31095488111809155,-0.3067718216370232,-0.800311114206717,-0.9963312464718432,0,FP
-0.39425369076993855,0.0686241682454664,-0.23517379096882482,-0.8770419139165987,0.10966515454730588,-0.1040202325726511,-0.8101558759587876,-0.9971494467348223,0,FP
-0.25657647108025594,-0.5467044954651897,-0.17896206517796595,-0.7434639322791048,-0.08574512593693558,-0.2715883151237996,-0.8296255229168996,-0.9979262539218544,0,FP
-0.2395131947639162,-0.2328395851708787,-0.27103419978348436,-0.8683269090306136,-0.20744180072331767,-0.04481016001010045,-0.7981495031075239,-0.9969947577318496,0,FP
-0.32165112291413994,-0.2749494189890055,-0.18296964943617294,-0.7986358205429571,-0.10475038344865074,-0.08327859857485753,-0.8226974833250271,-0.997809599736563,0,FP
-0.16674333988540838,-0.11694325213683726,-0.3262500774308659,-0.9003952723365126,-0.3965598149453673,-0.2871522239956862,-0.7798967812937283,-0.9947420013212874,0,FP
-0.550667057003053,-0.6275347633133637,-0.0722635307525678,-0.6283652965279345,-0.4680499483089469,-0.364504254837567,-0.7637059218318529,-0.9930478727728359,0,FP
-0.5038266906444733,-0.24362725473937347,-0.2962618005036604,-0.8720620821668578,-0.5676869390702463,-0.35272146897254114,-0.7457765821619249,-0.9908119891161398,0,FP
-0.16992179331688345,-0.006475288867885655,-0.3361771617154942,-0.9155885669811434,0.21135948459245057,0.07496155019226776,-0.8359783941989638,-0.9984376461879594,0,FP
-0.4529714357408724,-0.7071519489960272,-0.015474394654093625,-0.5656921513008765,0.0019328874118647338,-0.38722423550950624,-0.8449050551384012,-0.9970527061983422,0,FP
-0.1053490025511271,-0.07810428542017328,-0.3424569977357937,-0.9064551687113134,-0.06738247130950607,0.08801858743355728,-0.8099384800284252,-0.9980781042004483,0,FP
-0.21508928944837105,-0.20212364190128249,-0.3060467161214382,-0.8922662557166959,0.1816539896875304,0.008413114616273016,-0.8312569899446186,-0.9984415792492036,0,FP
-0.05047885910250512,-0.3376978422583018,-0.32719893983820075,-0.8701249076704819,-0.1880667621266465,-0.032185588380198776,-0.8006866347795927,-0.9974283141906001,0,FP
-0.39810129229225044,-0.6049925052693327,-0.166393994854631,-0.7115839228050729,-0.132701290908625,0.03417768623614388,-0.8150511863096139,-0.9987937607212827,0,FP
-0.2247919367655054,-0.15692067945102306,-0.2787605981822537,-0.8809354748196405,0.11385393924506444,-0.32309465640703716,-0.798184966977695,-0.9959089468529585,0,FP
-0.27999665425954584,-0.3581899473795748,-0.2677564360421195,-0.8540807088239056,0.06232954910479484,-0.2099757692393031,-0.8190368450592636,-0.9974762101417204,0,FP
-0.7112625988038977,-0.7315728648490932,0.28417793092553323,-0.24585833676931843,-0.2715150511782006,-0.34478267315606337,-0.7950751161829321,-0.9960065949126033,0,FP
-0.33637238091255073,-0.15434482884948195,-0.2940301429652043,-0.8861385645873439,0.1537174434838042,0.3389940539722053,-0.845753120598984,-0.9989100700064464,0,FP
-0.34975534272928777,-0.23781500484777088,-0.13877021833813835,-0.7815364129392963,-0.006151008275030784,-0.15468430987323875,-0.8175291949298039,-0.9975597311471804,0,FP
-0.3236585671866505,-0.28715521268227084,-0.307207288122612,-0.877751497665136,0.05655463189748253,-0.0029804107672429013,-0.8269422956644233,-0.9981439310141328,0,FP
-0.18748693070135083,-0.15956197515882709,-0.32212862346108573,-0.8873861466683656,-0.14999959058903953,-0.06958097769297895,-0.7882821181376011,-0.9966692414026292,0,FP
-0.2170967337208816,-0.34620043750747015,-0.31044724051777584,-0.8651836300481306,-0.03010295621580771,0.044456757861390875,-0.8101298878900349,-0.9982098077519647,0,FP
-0.16657605286269916,-0.3043780663467065,-0.2597672609434639,-0.8382501270168651,0.09413350337782769,-0.13213144558354384,-0.8217789362439363,-0.9974436026598469,0,FP
-0.1881560787921877,-0.3290087386565533,-0.28051063187102054,-0.8661300622614561,0.30749946655858085,0.07555884677546566,-0.8469988979240005,-0.9983195441299736,0,FP
-0.10133411400610598,-0.030774185195831895,-0.4107970665171053,-0.9310780899061692,0.24406719222688975,0.14983432693898305,-0.8463839393471514,-0.9983129537371623,0,FP
-0.5583622600476768,-0.5546616825300303,-0.03983982961560312,-0.6588072719514277,-0.4499275553238174,-0.5173281146971466,-0.7705032653774754,-0.9931652142062817,0,FP
-0.3012421061436159,-0.23125907264382856,-0.3009072740188031,-0.8854895659137108,0.1274939591911914,0.11841011894935716,-0.8407608116292596,-0.9985860651100296,0,FP
-0.23934590774120698,-0.06835050251283484,-0.37673696575947296,-0.9234192598698602,0.09839516742855522,-0.03467805187313658,-0.8478989827449737,-0.9985378958366424,0,FP
