Testing MLP completed in 55736061 (ns) or 0.055736061 (s)
MLP Performance:

TP:	1205.0
TN:	16201.0
FP:	58.0
FN:	434.0
Accuracy:	97.25108950720751
Precision:	95.40775930324624
Recall:	73.52043929225137
Specificity:	99.64327449412633
NPV:	97.39104298166517	(Negative Predictive Value)
MCC:	0.8239845271661302	(Matthews Correlation Coefficient)
F-Score:	0.830461750516885
Kappa:	0.8157774531744661
G-Mean:	0.8559098850537102

Missclassified instances:
-0.01866465381184382,-0.6224283175788592,0.0024414918067977394,-0.9139970778874583,-1.2042756511389079,-1.1355188288134523,3.4722007206035514,11.136259659202024,1,FN
-0.24675770260069993,-0.8769629168704997,0.13118743883135847,-0.796282236285606,-1.1549276455105757,-0.6618822493880225,1.1499534326791891,0.7204611021168812,1,FN
0.0069306251286625955,-0.6243775609788,0.01138961292037165,-0.9058010990816141,-0.8737683466051496,0.34135566827933744,0.07118067514538247,-0.8556060161923481,1,FN
-0.10965484114458245,-0.3898949489432365,0.031889728793024194,-0.9302743917278778,-1.016602629071504,0.08320361568898604,0.44012930709091214,-0.5163103315932278,1,FN
-0.3007616825636451,-0.8240255392622046,0.060280147733885805,-0.8558023518651932,-1.1932082488862035,-0.995003423365867,2.169639360016207,4.0112739283289605,1,FN
-0.2054484320318397,-0.5744542196533637,0.06210026217236677,-0.8915792185458662,-1.2014650212921087,-1.090060088249093,2.797978812746221,6.999022143228033,1,FN
-0.15089549166266383,-0.7190341320228785,0.021549382602361698,-0.8981393083885871,-1.1966930796521005,-0.9633813667590104,2.552581524853981,5.190591315745086,1,FN
-0.46963562753036436,-0.6298204157570784,0.25033812902206753,-0.7675476771066315,-1.1918335794605546,-0.9900836751898625,2.5092530704990965,5.2755862489708445,1,FN
-0.19693954573526384,-0.5697941998881441,0.03038234802560992,-0.8975511629187193,-1.1639549332705452,-0.6253072839570614,1.369801915855681,1.147792941649254,1,FN
-0.20064502847732107,-0.7846198738859381,0.04556623791096921,-0.8855832288362909,-1.1957824706134814,-1.0549334078987092,2.4376098020004853,5.474480512983363,1,FN
-0.15487545460783642,-0.5824222124886287,0.02025189003854785,-0.9171728761724552,-1.181422866412452,-0.7649662854500454,1.8064593569439455,2.3442735605667573,1,FN
-0.5060042544431483,-0.5769992101996544,0.1696747247977636,-0.81453336851641,-0.8054113771686705,0.5408044349997069,0.06674564954585584,-0.8480673285735472,0,FP
-0.23440609346050917,-0.8332804213502223,0.02830451112659452,-0.8514640064714284,-1.2084697062633678,-1.1637352992682268,4.142464490730088,14.632116177502,1,FN
-0.369244493240925,-0.3421321822539768,0.17299750170652384,-0.858798131812665,-0.9273016514640413,0.3061836815415089,0.23800144975025958,-0.7149422068201099,1,FN
-0.33321896658203526,-0.7668274564144024,0.1570464384022957,-0.7917933436970588,-1.1584299879909694,-0.5969496373475511,1.341940470702081,1.1424152662193354,1,FN
-0.27098058052562957,-0.920420464580095,0.1681111866995469,-0.7394408300533729,-1.1793214609242157,-0.788033892866403,1.7066896237566567,2.129859872377442,1,FN
-0.43107115899265763,-0.8350325565894512,0.2437910003291356,-0.6741898550276367,-1.1569152248702934,-0.6489042232336591,1.2777338554078395,1.0156467700891432,1,FN
-0.22473066630069305,-0.5480350876927264,0.054587117660468455,-0.9114249255688338,-1.1654784522432333,-0.6997089619220088,1.3419649811306136,1.1510295718431716,1,FN
-0.37027379400260757,-0.40029782033472927,0.16017735298412772,-0.8829294683761354,-0.5240857169284044,0.6950139359745956,-0.14246623412063852,-0.9320535120621425,1,FN
-0.11727166678103342,-0.5737459709860742,0.0011966782105170468,-0.9185558651723132,-1.1626853341109307,-0.6703510378535632,1.3390830849950581,1.1591488484647436,1,FN
-0.4253756947780141,-0.7506940989323487,0.18736466836579144,-0.7956878634108321,-1.1052031380991119,-0.31683548664162714,0.806362484709642,0.03293573051339852,1,FN
-0.28642009195086804,-0.6025435719527759,0.16288489264575565,-0.8196525419784574,-1.186763938705524,-1.0160449986875675,2.01694771776741,3.7749599633071793,1,FN
-0.015713991628353807,-0.4749072462314183,0.03142895570219648,-0.9285479434176546,-0.9844248574281684,0.14659208849782385,0.3236395744666088,-0.6396921666638604,1,FN
-0.3453647155698895,-0.8989046765527454,0.07187186806643202,-0.8193467149095879,-1.2034263330853179,-1.0577730509224852,3.1163082669603104,7.757760009223496,1,FN
-0.3901049886776916,-0.7068753699312331,0.18619820107985213,-0.7859393619980202,-1.1292379633708125,-0.5161268349037048,0.9546454176691734,0.3683224729455016,1,FN
-0.39195773004872025,-0.644709101984486,0.18354862156446586,-0.7940529036842219,0.22126529928899452,0.8534088711637967,-0.5770310289914397,-0.9572942766729804,1,FN
-0.4220133122898511,0.1674105199008959,0.0810165090174147,-0.9593403608000733,-0.5103477785239282,0.7986470692229214,-0.10508266368346109,-0.9225886968360651,0,FP
-0.2653537363617649,-0.8246060478084603,0.05438330043501247,-0.8550705089784816,-1.2094503621599724,-1.1666271286245131,4.065824996805296,13.618571011839586,1,FN
-0.26267755438139023,-0.5658429112816211,0.10469381918488217,-0.8800895707177686,-0.7640136889582654,0.6063674210485128,0.013174122759219895,-0.8805657579431067,1,FN
-0.14986619090098127,-0.4631517542092387,0.021664715100708203,-0.9310949715499851,-0.9648467629041254,0.19645911602886582,0.2741754472298192,-0.6915209223231913,1,FN
-0.2494338845810746,-0.4752780901167785,0.13085543180480608,-0.8760376427913812,-1.1896358595478245,-1.0073626374880005,2.3774074055069074,5.102593665043626,1,FN
-0.18746997872778426,-0.5274447926938821,0.04596801150341361,-0.9084953349717624,-1.167667416303951,-0.740537184293448,1.4795171031016519,1.6113375863359156,1,FN
-0.05668016194331984,-0.702253620957151,0.0011273865492606116,-0.8837478934171477,-1.1619148187673385,-0.6951020628578988,1.286060866408485,1.0652856111160653,1,FN
-0.16256090029506623,-0.6999952459380485,0.025426082242129885,-0.8840871004095197,-1.1827012214240789,-0.909593654135717,1.7536758944571047,2.531986913777343,1,FN
0.043093391889109996,-0.6057853470454756,-0.03296395334150257,-0.9371083271459483,-1.1911593785309844,-0.9443236190965603,2.1962720025932088,4.013924455063358,1,FN
-0.13319151856172373,-0.5323082169763594,0.03947135722969741,-0.9087840733328798,-1.0375991722498408,-0.03499170337936305,0.4548089806203578,-0.4953197260300255,1,FN
-0.40952446304810264,-0.2352097717177732,0.16615155877461749,-0.8953811681605824,-1.0875775995162658,-0.2955774660505435,0.7650787108892925,-0.014574715530340695,1,FN
-0.34721745694091816,-0.8114489333595686,0.17891362449624543,-0.7829755744597333,-1.155566823011153,-0.6386769198440728,1.2684289806594766,1.0237380836199672,1,FN
-0.2838125300212722,-0.8507581496935829,0.18332410626961737,-0.7423212758768073,-1.1596558078695791,-0.6301259774919836,1.3452546218862447,1.165782191331014,1,FN
-0.4901530227132368,-0.7101538740309742,0.22961702106044976,-0.708683243008943,-1.17980303301527,-0.7829619270060646,1.72455638685267,2.1504321722827684,1,FN
-0.14979757085020243,-0.6476195284481965,0.006668532696145641,-0.9121590807752646,-1.1617397016433189,-0.6549591890349946,1.3511866365724667,1.1817942090461335,1,FN
-0.20050778837576338,-0.7503580389779799,0.0318266961641759,-0.8877362378109493,-1.176143085114881,-0.931024064895021,1.325983787489731,1.4103339624732647,1,FN
-0.0903726068757291,-0.3676216014704944,0.04401198750107262,-0.932990122615891,-1.0202538210361045,0.07643907630040638,0.43286264528715046,-0.5269836999791699,1,FN
-0.2076442736567625,-0.7673915206530957,0.05748469035508951,-0.8470989064584736,-1.2083996594158544,-1.2245176624014884,4.557760331459612,20.436989047857324,1,FN
-0.3864681259864132,-0.8763691872260155,0.15285938986437916,-0.7618409813403054,-1.131558265274545,-0.5010184428882852,0.8954926655262696,0.1840297424329096,1,FN
-0.12035956906608111,-0.4578855548538793,0.029716961788517574,-0.9260890156537203,-1.0991615972785451,-0.36424602710396803,0.6358477392284066,-0.2473126894143855,1,FN
-0.3864681259864132,-0.2462531257021373,0.16013270426107587,-0.8911408889932751,-0.2411927584449178,0.5241209339202904,-0.20153397560138034,-0.950704192064115,1,FN
-0.23989569752281617,-0.4995019872593936,0.12028326752166271,-0.8870485043700495,0.29686336137642944,0.6793924984118801,-0.5108630277142442,-0.958936352269422,1,FN
-0.18945996020037054,-0.6376721693261468,0.028623646614646545,-0.9056919397295238,-1.1734375255445884,-0.8566061264548995,1.3242170058900116,1.2559710051516648,1,FN
-0.21361421807452138,-0.47547370807724865,0.11271926436764353,-0.901766296500706,0.19084745452842797,1.188336385209793,-0.5350958048362556,-0.989755045330851,1,FN
-0.27310780209977353,-0.614107325224555,0.03915093938524328,-0.8961815397724117,-1.1829638971101084,-0.7830260395988412,1.9107182680693193,2.693430824484552,1,FN
-0.20990873533246415,-0.8018123812898545,0.027095413035232187,-0.8829635023389066,-1.1868339855530377,-0.9571750359197456,2.067429328332804,3.7072788638762475,1,FN
-0.2167707404103479,-0.7718724003730701,0.0256572618612023,-0.8843751372500267,-1.206709779160687,-1.0850732726048098,3.734667591307958,10.909931989529333,1,FN
-0.1307211967336856,-0.7263045725459804,0.03482658005854817,-0.8688683932385173,-1.1984967860357865,-1.0145095963132493,2.657802702498575,5.916788976348266,1,FN
-0.549234886433816,-0.5178664092358756,0.2529354596319423,-0.7678811184663555,-1.1351481663169485,-0.4747342753207316,1.1025618928924823,0.6045517155398161,1,FN
-0.445275509503877,0.25122767998204604,0.116817308431201,-0.9484219552643715,0.6247263980998524,0.21552128649286295,-0.7095388140115694,-0.8835819920171238,1,FN
-0.4723804295615179,-0.8868432914916846,0.2592460172000272,-0.6134700206812094,-1.1938649381012771,-0.946944896054108,2.4785930409022914,4.966805165971905,1,FN
-0.33520894805462154,-0.7993935351519265,0.12003298921976285,-0.8079194251415448,-1.042082170574479,-0.13801458513129006,0.44208894878269894,-0.4858743651199904,1,FN
-0.2928703767240788,-0.6948287717207524,0.13350987055125701,-0.8231090712457614,-1.1419427107456672,-0.5493897054553922,1.1075397492244057,0.6623457761049794,1,FN
-0.27180402113497565,-0.5790265971471301,0.04833055615154998,-0.9073589295477796,-1.1154299781188226,-0.36023740046472436,0.7925540207035149,-0.028834582325123252,1,FN
-0.11034104165237082,-0.5852925262528611,0.03919750509445308,-0.91738028569617,-0.8327996953527813,0.4588378211747088,0.06226587578916379,-0.8551426830541113,1,FN
-0.13799492211624237,-0.7932419755279281,0.06591564003577786,-0.8651489731483304,-1.1253941424943916,-0.4939793967864557,0.7802495438663019,-0.021708681036521276,1,FN
-0.3848212447677211,-0.8488870586990107,0.1085836333674112,-0.7692234280249634,-1.1500769011710419,-0.5680629547344619,1.1289599515492066,0.6304557059175392,1,FN
-0.2519728264598916,-0.7398506326447767,0.12011042159492423,-0.7979285782768835,-1.1900736523578734,-0.8815419040065624,2.2160891859376473,3.8728044767815777,1,FN
-0.3190146160708159,-0.8718956503895748,0.13124795657252913,-0.7886312299814157,-1.1800744645637837,-0.7931922255894313,1.859260956688876,2.648299281846614,1,FN
-0.420366431071159,-0.39443663847247995,0.21518012584474389,-0.8526256838934992,-0.6638642055764269,0.6783179864848169,-0.037375807716861845,-0.8936862757390088,1,FN
-0.26672613737734163,-0.6741560441592371,0.05887377986578009,-0.8706614910862859,-1.0590422640902388,-0.27899308972955456,0.4796686802173805,-0.4093690707066781,1,FN
-0.17463802923214164,-0.831245576367376,0.01655955831487417,-0.8802866624162693,-1.1901612109198836,-0.9425854302633624,1.9158967576869261,2.9265935155268927,1,FN
-0.21869210183215534,-0.43863109984100734,0.04657777780928369,-0.9210206957892524,-1.2007908203625386,-1.1699106693609376,3.092821389298227,10.377931659132301,1,FN
-0.4386193645783298,-0.9043123243082153,0.2537661148175867,-0.6151921384625195,-1.1751274057997558,-0.7696917554595984,1.597437696886783,1.8673850531272087,1,FN
-0.4561860975777122,-0.6468425630525235,0.1720916134268078,-0.8317383089355549,0.23757745933697308,0.8914996556431284,-0.6339789529396432,-0.9591362866407895,1,FN
-0.0732175941810197,-0.3611794257048128,-0.02133547601653378,-0.944545388072924,-1.1923414191181172,-1.0613940670047748,2.310515198301721,5.07990730710831,1,FN
-0.4026624579702189,-0.6557708232078782,0.23026483625309735,-0.7626937342744879,-1.1994161509368897,-1.0933113502287704,3.2902996781646445,9.41687715855616,1,FN
-0.1897344404034859,-0.5432918691622288,0.1061493674424861,-0.8876279598537777,-0.36097287146287227,0.8061498834181308,-0.25432928235980634,-0.9682755566303197,1,FN
-0.15206203252590406,-0.6408149198312114,0.020078774771410516,-0.9192454170621345,-1.1526598787503322,-0.5581327428243475,1.2123565081392111,0.7973777538094462,1,FN
-0.10087147464489124,-0.6588217539308469,0.023993674766341195,-0.9215612022348255,-1.1907303415729473,-0.8822431972984026,2.2773938068180275,4.089093037786427,1,FN
-0.3073492074384135,-0.5557056201467017,0.07542235121350807,-0.903644456379339,-0.5844923689679007,0.8500585957268543,-0.10787368730427585,-0.9351815206209437,1,FN
-0.20791875385987785,-0.4876932716413784,0.04961506827337239,-0.9138860711581331,-1.1953096543744395,-1.008773721290779,2.650611958033602,6.1630375912903075,1,FN
-0.3149660330748645,-0.5318413007671997,0.09687426751178249,-0.8855961378170237,-1.186518774733991,-0.9509945391592086,2.259129024019082,4.548678925326629,1,FN
-0.04679887463116723,-0.5689971626415231,-0.01451699527085465,-0.9353679142057115,-1.1832703520771428,-1.0020038709628056,1.6193869435360773,2.4880825855602864,1,FN
-0.024154257874150827,-0.36495731466331566,0.0028868018831099494,-0.9421748407380452,-1.0582629929469947,-0.09890835557033364,0.5294568795541754,-0.40360257170282837,1,FN
-0.3367872092225348,-0.7122389502250449,0.08448222780840847,-0.8577171707619209,-1.0977256368155068,-0.26124193906438525,0.7581023253989095,-0.05663030062801151,1,FN
-0.3544225622726961,-0.9295245584640396,0.16201175029341044,-0.736307309616033,-1.1966580562335798,-0.9837897242141049,2.3676678457879974,4.469263221429038,1,FN
-0.39312427091196045,-0.3284249848751632,0.17065832746285775,-0.8783409808996989,-0.8287019546213993,0.4738427689812335,0.1071403345679006,-0.8099155918983808,1,FN
-0.19110684141906265,-0.6054545369206648,0.05979595085452355,-0.8958720838393407,-1.0435969337056266,-0.08262087424819316,0.5116111019891706,-0.40206816994955913,1,FN
-0.2306319906676731,-0.37117807142290843,0.08575834681647014,-0.9159224877532026,-1.1005099991167413,-0.3312406960847616,0.6739729861047916,-0.19737259565767343,1,FN
-0.371783435119742,-0.7736653126492976,0.12828378661714268,-0.8125780205840476,-1.1738840742171217,-0.7498567679300143,1.5307120058638592,1.637284332132698,1,FN
-0.32587662114869964,-0.6277765183288129,0.18574102934917774,-0.81365389702436,-1.1993110806603835,-1.0856692693184096,3.2844320761652743,9.294875985104934,1,FN
-0.07932477870033623,-0.6410749318972663,-1.8335522751350433E-4,-0.9304423986909726,-1.0092477098207895,0.13465986737250774,0.3893731191231664,-0.583592438425418,1,FN
-0.41041652370822757,-0.6860568908861469,0.12478477054816246,-0.8207848561895758,-1.1638148395650463,-0.8146472634345007,1.1269715008725731,0.7780205810608243,1,FN
-0.28127358814245523,-0.32529897098616983,0.10486558248279759,-0.9294185440765738,-1.1133373284930708,-0.3175114589190262,0.8980417370201813,0.17777861051613963,1,FN
-0.23975845742125848,-0.5132137263621257,0.04091953421570918,-0.9166611215164922,-0.9964466480004969,0.1278589926973161,0.35598942796680466,-0.6109039433382095,1,FN
-0.09119604748507514,-0.5590284087250241,0.007090620989222451,-0.9230505701903696,-1.208425926982363,-1.1814295795823255,4.00675042487325,14.372391642155563,1,FN
0.06731626981403967,-0.3530065647255493,-0.015418764151457843,-0.9511444506944706,-1.1027865217918291,-0.18409650289132404,0.8411776558376551,0.047575384121480185,1,FN
-0.287723872915666,-0.6851754864217857,0.07148310808527764,-0.8715366008515156,-1.203531403361824,-1.0463139460524624,3.272734448219094,8.618522212335327,1,FN
-0.3274548823166129,-0.6575258437561415,0.15412754881020932,-0.7960502272840494,-1.0933214411589787,-0.23801305484408442,0.7275319594568278,-0.10763700751671211,1,FN
-0.19343992314554312,-0.6116342824317175,0.01205252512639022,-0.9189482154941228,-1.110587989599885,-0.40051049153684304,0.7486082493864209,-0.05531396182018781,1,FN
-0.19844918685239826,-0.7639784069218357,0.0405617335752419,-0.8761752962081063,-1.191763532602569,-0.9246309309548709,2.149958484136532,3.647246397288926,1,FN
-0.27420572291223494,-0.6349608872827791,0.09443615779187359,-0.8697389239723347,-1.1687794100435704,-0.6947702789196865,1.5118432512084294,1.6011722622980915,1,FN
-0.07109037260687573,-0.25802799631952317,0.01145226887126258,-0.9545392786789114,-1.178944959109668,-0.7528606378064,1.8562727131196406,2.518884194805029,1,FN
-0.22136828381253001,-0.78770314299625,0.12254227456014505,-0.833356387316023,-1.167177088350413,-0.7099659216766696,1.4723401096009572,1.5299154209396872,1,FN
-0.40952446304810264,-0.5471781430937661,0.18380914377004476,-0.824172637842057,-1.0588671469452753,-0.23767251928411692,0.5018366933431472,-0.3954599706997351,1,FN
-0.40966170314966033,-0.7927072776128791,0.16644387567472094,-0.7673391483129613,-1.1313218571550243,-0.39600179615725556,0.9885380409266893,0.31366292413761,1,FN
-0.5621354559802374,-0.11827235791057618,0.17890882548240525,-0.882796612916553,-0.18438476336266918,0.490358265498945,-0.1796580301446447,-0.9495441757748725,0,FP
-0.5655664585191793,-0.13934240854838972,0.1783751381588996,-0.8829049611230539,-0.1821432642003502,0.6166951439243338,-0.19358770960395033,-0.9591376958115534,0,FP
-0.5575379125780553,-0.07765151760504208,0.17674495382893587,-0.8847153374238144,-0.12319008432791663,0.6284056519984669,-0.2449316554225106,-0.9724023021109985,0,FP
-0.07493309545049064,-0.37956059081047894,0.038105172472079334,-0.9291454794215893,-1.120630956716868,-0.42159631787246665,0.8366749015387209,0.09055055112749172,1,FN
-0.3640979894325122,-0.725869529948424,0.1503255050048313,-0.8061042541979688,-1.1829901646766168,-0.8128248389287271,1.8632214746624305,2.628652846780208,1,FN
-0.27681328484183076,-0.5662329550423681,0.1309648931949447,-0.8696964833623855,-1.0722285836085077,-0.21936414900317486,0.5704424902736182,-0.32736965040117466,1,FN
-0.24511082138200782,-0.5549635314287485,0.042016750981710885,-0.9133127506744241,-1.0852135183210563,-0.18414040495338815,0.6899504482873542,-0.1710712717985393,1,FN
-0.3606669868935703,-0.6685616435715881,0.08791520394625407,-0.8657449048737349,-1.1551990770486176,-0.6592011787203026,1.2286256649611813,0.9744526000914918,1,FN
-0.36711727166678104,-0.7111790984501313,0.16587898814163027,-0.7853332268637452,-1.1670807739363909,-0.659623580544172,1.5372751901590995,1.624575955552244,1,FN
-0.1460920881081452,-0.6183643456052828,0.056816631498204366,-0.8950276039705345,-1.0011748103909162,-0.05524588799756211,0.3146498879608889,-0.6283440892985531,1,FN
-0.495574006724765,-0.6031543221850555,0.1939058573341982,-0.7959175589758853,-1.1423279684122272,-0.5583469788224436,1.1088912439750362,0.6717031865216914,1,FN
-0.30014410210663556,-0.6217484791102337,0.1330682156462349,-0.8324385268711119,-1.1374772240726934,-0.47788310928248384,1.0070775687588995,0.3699023153584214,1,FN
-0.34708021683936047,-0.7967408341305781,0.08135165331865513,-0.8574705201429675,-1.1878233973121264,-1.0017415613805085,1.8565622677775793,3.1699079367535608,1,FN
-0.0900295066218349,-0.8834066560438124,0.0035877551462432703,-0.8682535590757532,-1.1926303623706551,-0.9919537930955096,2.463772899640008,5.309554638737299,1,FN
-0.3431688739449667,-0.7463232991579212,0.15652882608821814,-0.7868872506088174,-1.1397362349809248,-0.511347959075692,1.0430422205031062,0.4654684625112647,1,FN
-0.34831537775337956,-0.3552879005519776,0.09470442082912679,-0.9140152339166875,-0.9430446809217877,0.4375435203797314,0.28902827187185376,-0.6900377099439694,1,FN
-0.6081795100528374,-0.33774331770948646,0.25354942591127283,-0.8116438906826656,-0.10587100025133683,0.24207493745691933,-0.18254164297182343,-0.9326754771051632,1,FN
-0.280107047279215,-0.8760468016825363,0.21598529946412368,-0.6924267526908761,-1.1419514665976793,-0.5558028117076953,1.1033099921813108,0.627768337410362,1,FN
-0.2324847320387017,-0.5700577642059989,0.04519053638371883,-0.9184454470603173,-1.0302354971471142,0.12303552968044083,0.4987585888550812,-0.45658350581869217,1,FN
0.033486584780072735,-0.6285919928955572,-0.006160589673915284,-0.9209264102375984,-1.0266368402945865,0.010079975467702552,0.39231687629512035,-0.5799812896665372,1,FN
-0.27626432443560006,-0.36210706597639364,0.10007469569022072,-0.9013476303117998,-0.8433592579060352,0.4753035831087297,0.13749210718433225,-0.7892372910304153,1,FN
-0.21869210183215534,-0.5477807235376926,0.07099793022035066,-0.8946637418412364,-1.1666342252638575,-0.70494938095588,1.3759451728016965,1.2343614105690996,1,FN
-0.08982364646949839,-0.6181995906818115,-0.012870541328753923,-0.9245765389471281,-1.1824473015900614,-0.896652904217078,1.6627139354056633,2.1742057218875988,1,FN
-0.09949907362931448,-0.29509436671936606,0.018669281017217113,-0.9471046705703138,-1.0908785572956592,-0.17909806990428612,0.7231693414056841,-0.1320477985271728,1,FN
-0.2416111987922871,-0.6899719816951205,0.08735963897907217,-0.8625252124301017,-1.191710997469552,-1.0483279590412402,2.354027191365911,5.505966972422682,1,FN
-0.115762025663899,-0.31770105036264346,0.07424785624552255,-0.9431911084609015,-1.1214715189079734,-0.37162633875374573,0.9213608469333214,0.22000817892747712,1,FN
-0.0867357441844507,-0.6170905414569602,0.03913916741610902,-0.9022269192276443,-1.185468071989873,-0.9434985498263467,2.1552686354893797,4.0609038249729625,1,FN
-0.2635696150415151,-0.7099989544290981,0.12842205347892263,-0.8238427733260054,-1.0947924250300654,-0.3114642731257275,0.7377012696383778,-0.06746922641532725,1,FN
-0.16626638303712346,-0.6457948399965353,0.09594549739855222,-0.8778697258827283,-0.9407594024994077,0.24600920129098083,0.21695000609206835,-0.7414267260503085,1,FN
-0.4605777808275578,-0.19084320212126027,0.17105777493367574,-0.8794108412234725,-0.37343245484524984,0.6346031156558413,-0.24517215988071175,-0.9554566846933985,1,FN
-0.5360598366842791,-0.8175452443306548,0.1924462517453535,-0.740339194688256,-1.1942939750488422,-0.956724964967627,2.29347927095429,4.306423837460316,1,FN
-0.25705071021752557,-0.6950322257376685,0.1362946326107269,-0.8473788956078631,-1.1764758076588961,-0.7759894182723349,1.6734938253555238,2.072109485910992,1,FN
-0.26109929321347697,-0.8936932464851858,0.1452669359936203,-0.7492761706970057,-1.1331343193907224,-0.4796215681345729,0.9623196750554744,0.3271994320882056,1,FN
-0.10327317642215056,-0.5724996850004668,0.08266765463579705,-0.8923796107281401,-0.773382455114262,0.5780080867499484,0.017815424443787437,-0.8768649816757443,1,FN
-0.26322651478762094,-0.5030687966483449,0.12284799570053136,-0.8774448551289543,-1.0978569747004097,-0.3920338597465332,0.6415620350587347,-0.20586068024765447,1,FN
-0.38159610238111574,-0.8117019878578516,0.15440229011042786,-0.7813980791528456,-1.1186696449236586,-0.38518783598196826,0.8921316122584394,0.18521734091766737,1,FN
-0.5220613463253962,-0.6745252141745706,0.21658697744365052,-0.7428094760046958,-1.1800744645637837,-0.8711366888321621,1.7362920222758582,2.4845253588226326,1,FN
-0.12440815206203253,-0.6545337887084217,-0.010010843702397161,-0.9035972577282763,-1.2004230744000028,-1.1446946854543576,3.008159198976224,9.149505277763678,1,FN
-0.44657929046867495,-0.7257346175874155,0.15683797590910462,-0.7917377347602629,-1.1889441469037578,-0.8894888748599812,2.1865969845527022,3.8347635042134924,1,FN
-0.2709119604748508,-0.6950738729265565,0.10182235186711124,-0.8495188306779786,-1.1473100506052478,-0.531965425293193,1.161815488829514,0.7042276372942124,1,FN
-0.6286969052357099,-0.83628268036173,0.3662805979574598,-0.5628879179544475,-1.1875957450446175,-0.9844918113785216,2.1945998792940724,4.209309924087425,1,FN
-0.3098881493172305,-0.6516378299527569,0.12132468897199637,-0.8590436504807581,-1.0185989642727618,-0.016054588289243794,0.4534874383472511,-0.4753556377063754,1,FN
-0.18198037466547726,-0.552166906242797,0.016219475774153988,-0.9242637760358849,-1.160610196189203,-0.638728879315285,1.3037419052018464,1.0442999031009315,1,FN
-0.0010979208124614012,-0.5366729053666487,0.04319618789047127,-0.916134500229127,-1.192709165080653,-1.0293178440173147,2.113447443352431,3.972335722915705,1,FN
-0.3920949701502779,-0.8538142942937261,0.17508639081512983,-0.7616704552362608,-1.1935497272717586,-0.9279111999481982,2.362711781765326,4.44577481707516,1,FN
-0.27331366225211007,-0.7535950475141024,0.1362776960536805,-0.8035374719542303,-1.1504534029855897,-0.5865488713803304,1.2198056807871631,0.883324273205274,1,FN
-0.19508680436423523,-0.6913998665563719,0.10241504609159044,-0.8670945512002475,-1.1335808680527837,-0.40744327086637144,1.043829898118767,0.4413531957928507,1,FN
-0.1820489947162561,-0.48398519126951317,0.02853859483876234,-0.9288916332538958,-1.13816893671676,-0.4156862173483229,1.1011733537436605,0.5437064949883976,1,FN
-0.4265422356412544,-0.45575182726926006,0.20965279933734038,-0.833818462330763,-1.120832341407396,-0.5030554486529033,0.9392537860177045,0.3363955745785695,1,FN
-0.5411377204419131,-0.435561496283751,0.23391844687785643,-0.8051216396144684,-1.0439821914036027,-0.07532607028427549,0.49905765838310995,-0.4343933385453007,0,FP
-0.02175255609689151,-0.6542565411218441,0.043442962631823526,-0.9007437208924299,-1.1553479266061286,-0.6779472763137377,1.2372012188597858,0.9769048936544044,1,FN
-0.26610855692033214,-0.6006073154395218,0.10652063809240339,-0.854747485774424,-1.1282047723411908,-0.4334166253950802,0.9703143114323005,0.3292262365073917,1,FN
-0.14712138886982776,-0.628833728385116,0.002095127741183689,-0.9208498818070586,-1.1851528611603543,-0.9073627248351369,1.7546351688952568,2.442566620231757,1,FN
-0.30000686200507787,-0.4874626819117393,0.1281425659794982,-0.895111296139477,-0.08728231763299063,0.37537739441509044,-0.5813139854625285,-0.9522706155238312,1,FN
-0.28916489398202155,-0.6191221249333684,0.09940630200848456,-0.8627964735506377,-1.168472955076536,-0.6693780984587052,1.4224478585314817,1.2747668147896956,1,FN
-0.08893158580937349,-0.6530658831128469,0.026457656539150057,-0.919486686222208,-1.18971466224735,-0.8727481198379883,2.1686128344960154,3.6165175704680843,1,FN
-0.17408906882591094,-0.7652896987245955,0.14047490820564343,-0.820453400003848,-1.1405855530240427,-0.4660488783251744,1.078454707349208,0.5105751288674031,1,FN
-0.14966033074864477,-0.622817463051069,0.08038229523019395,-0.8847183480939178,-1.0785415558414522,-0.132217188675247,0.6562306539540687,-0.23331854816075473,1,FN
-0.46448912372195156,-0.7895457115060912,0.18649400317638506,-0.7603042186119813,-1.1713448759083644,-0.711093958105575,1.6294526854127458,1.932003791136919,1,FN
-0.23948397721814313,-0.500520065491028,0.06764343449361587,-0.9034334282226072,-0.9850202556791569,0.1752018075380762,0.3448168586804742,-0.6184320301754183,1,FN
-0.2094970150277911,-0.6568548323792275,0.1062920006936495,-0.8741282062541659,-1.0419245652382596,-0.053830326026587244,0.5007213922924998,-0.4307393675336988,1,FN
-0.40115281685308446,-0.5601481576918208,0.13813898441088165,-0.8597483531334996,-0.9873318016575735,0.056467265286543805,0.32180429573807834,-0.6260626829516129,1,FN
-0.3221711384066424,-0.6804797547372421,0.09365578142623349,-0.8689092750338612,-1.0427651273455891,-0.10114443169787915,0.4527728013263515,-0.4834603192722152,1,FN
-0.06875729088039526,-0.6549007739651489,-0.017559526626478025,-0.9259668267802531,-1.1853367341468581,-0.8734927385269416,1.810093328155242,2.478953255775233,1,FN
-0.45042201331228987,-0.5769598056058154,0.14971531959846746,-0.8448103766566021,-1.03928029656922,-0.1762903234654087,0.49673885540291307,-0.37226134215006057,1,FN
-0.09325464900844027,-0.5547033864951897,0.009374421864864351,-0.9296577115928653,-1.1933045633002255,-1.0177779677233951,2.2219654329856957,4.378332566424826,1,FN
-0.10876278048445756,-0.4032314306147527,0.04069941321231507,-0.9275041953820238,-0.8795997468727038,0.30812495212238433,0.17415779808999746,-0.7555610686371167,1,FN
-0.08447128250874905,-0.4685099419060568,0.033452242486637244,-0.9275541466539869,-1.0293511556750035,0.025548249854067277,0.45026907791653065,-0.5035185428649075,1,FN
-0.45495093666369313,-0.7317035086221002,0.19952329841978228,-0.7815629769887003,-1.1793652402052208,-0.7976988528117058,1.7085752943132744,2.187475124578401,1,FN
-0.549234886433816,-0.2745715439232839,0.23146757580415578,-0.8265548951637306,-0.4569107880371704,1.2063314532241085,-0.18989355017912987,-0.9773094184944453,0,FP
-0.32127907774651754,-0.6075611358267229,0.15227530556414032,-0.8231818052398341,-1.1544810968380423,-0.5831138511815672,1.2630553169459473,0.945789689541562,1,FN
-0.5591847937967475,-0.8482102011519176,0.19668711341304296,-0.7136414556237036,-1.138020087159249,-0.5171637241985687,0.986873250390555,0.37173783220944867,0,FP
-0.026418719549852466,-0.7672861228541822,0.013408743008033365,-0.8942841211662308,-1.1911331109540038,-1.0801357684862278,2.201597620149351,5.035622546963204,1,FN
-0.3656076305496466,-0.6819733279898825,0.15238057182097361,-0.8109139719430971,-1.1653120909816979,-0.7056986274449497,1.3965970535066763,1.3256203734755487,1,FN
-0.4835654978384684,-0.8061167856093518,0.20679696529366054,-0.7262482781038665,-1.1368730699906369,-0.4725016540721246,1.0673386988247833,0.5273850770670259,1,FN
-0.19035202086049544,-0.7263332857346586,-0.0026567854102652775,-0.9101102955789188,-1.1959488318750169,-0.9504029714936495,2.3923212126482833,4.4226787880512175,1,FN
0.08824538530158513,-0.44944629244476253,0.016965320052812108,-0.9400274513494804,-1.1871754639490648,-0.8780365641876994,1.9877299647932642,3.1266463954368886,1,FN
0.040005489604062305,-0.7753110147651794,-0.013811731849552226,-0.8822376934012558,-1.1573967969613477,-0.5845378337101255,1.334101303717487,1.1031840121914491,1,FN
0.007136485280999108,-0.6646682508076024,0.047535381438583706,-0.9000385716701056,-1.1784808987226383,-0.8571483601641663,1.55208715382182,1.815331295545833,1,FN
-0.26988265971316816,-0.648510746610618,0.08307151134560739,-0.872029050127171,-0.8467215067542335,0.47317456109563655,0.06560116096082945,-0.8601968724605638,1,FN
-0.17724559116173746,-0.4651550475887855,0.06901395289839132,-0.892797605369483,-1.123984449650222,-0.4261630250079021,0.9523810909590226,0.31664982299182276,1,FN
-0.21361421807452138,-0.7014705340168836,0.1189516421836675,-0.8565184099437556,-1.072009687203483,-0.12777948782102197,0.6392234992762954,-0.24736880363635308,1,FN
-0.6882591093117408,-0.25450600704756177,0.2557100548031432,-0.8055592534164567,-0.37246055485301754,0.04464630727677959,-0.004104667209537531,-0.8362946685668474,1,FN
-0.2639813353461882,-0.5239217146899612,0.1394641690682928,-0.8751328244046503,-0.641239073086064,0.7957484473724833,-0.06894431958508565,-0.9189251829970791,1,FN
-0.33809099018733274,-0.5401325000586995,0.08197816414129781,-0.9095098899078936,-1.1467759433707048,-0.5629406793290711,1.1644709588888924,0.7605782544540347,1,FN
-0.22651478762094285,-0.1991694388341073,0.10096683707514012,-0.922695947937346,-0.8755808088094316,0.5283353822465404,0.18883438134210354,-0.7626467700446362,1,FN
-0.4143964866534001,-0.5660059089672199,0.21368972377219742,-0.8063743410379209,-1.0803715298544787,-0.2951469582652335,0.7139376847607273,-0.05946955542788278,1,FN
-0.19350854319632196,-0.6207191324116316,0.07102308123248943,-0.8685968548312695,-1.1522746210733,-0.6506694156595844,1.1670653284971946,0.8176687417707877,1,FN
-0.28985109448980995,-0.7592306521384347,0.11263798079490812,-0.8580810313421311,-1.0843554444049823,-0.2996652948240805,0.6362700857502742,-0.2091613506826994,1,FN
-0.010567487819940987,-0.7232892213958806,0.03425606840752023,-0.9031520702200041,-1.1201931639068186,-0.3592145365359778,0.8910450339077493,0.15470243505441011,1,FN
-0.21882934193371303,-0.504180368532102,0.04045115795291418,-0.9270962297871133,-1.0561528315648583,-0.17338778790266893,0.5081139620529268,-0.41277196639895064,1,FN
-0.32711178206271874,-0.6828419089164295,0.13556841672717115,-0.8170808948785993,-1.0719308844306534,-0.182560767465313,0.592447377603185,-0.3070380366357544,1,FN
-0.09009812667261374,-0.6709235768259841,0.025137882036346683,-0.912410381827769,-0.9489986632222327,0.17759271721120326,0.212214861019763,-0.7423732148509886,1,FN
-0.5353736361764908,-0.483193698245155,0.2706645174903126,-0.7629052674698599,-1.1437639288333774,-0.5831499800499519,1.1163142662005123,0.6695264662700555,1,FN
-0.5294723118095107,-0.7133123781931044,0.2846301081493523,-0.6925166677255373,0.2582763031280153,0.3714365632445857,-0.39470638584929085,-0.9655604806428311,0,FP
-0.19529266451657173,-0.6259053512610813,0.017383314286411915,-0.9065752011909041,-1.1978926319537297,-1.0625638717502464,2.770209537576441,7.093465889265812,1,FN
-0.5885541755300899,-0.9757857782872678,0.2855694968512139,-0.5173646939425445,-1.0582104577302014,-0.21697078502584505,0.4758146642349519,-0.44701329175595655,0,FP
-0.3194263363754889,-0.5802977744267401,0.0658730628991341,-0.8919595982738815,-0.9659149773732119,0.14118161803979992,0.3027089029257667,-0.6472087194270396,1,FN
-0.1035476566252659,-0.3087567517969252,5.144008284222747E-4,-0.9484505830549091,-1.0627284795676082,-0.0415698314925782,0.6185444495804129,-0.2816029608565946,1,FN
-0.377273039182049,-0.7870609062918004,0.15626087025846003,-0.7863151169424957,-1.1355246681419684,-0.47037771670499007,1.054393288241004,0.4858016417702506,1,FN
-0.11734028683181226,-0.4571853780177241,0.01721731803336846,-0.9279567551431185,-1.2009309140680375,-1.1506626852974606,3.2577870379068545,10.702078004838913,1,FN
-0.16688396349413298,-0.861222490281899,0.07694804855161909,-0.8109807644290212,-1.194188904772336,-1.121848477912698,2.378883336141694,6.252020732651826,1,FN
-0.5051121937830234,-0.8861233382393847,0.23760723091015604,-0.6423507043733435,-1.1823159637470468,-0.8505743300348201,1.8480562153406581,2.660770495780458,1,FN
-0.49461332601386127,-0.7806365920870579,0.25377309645668855,-0.6707787638191013,-1.157029050998812,-0.6282624266388485,1.3703391889115235,1.2179609680731092,1,FN
0.13394633912029094,-0.4288490760910545,-0.05134285854589977,-0.924389771450319,-1.1936810651147733,-0.9928663967548916,2.2772269094715387,4.441375851520579,1,FN
-0.27839154600974403,-0.8418739872207305,0.12965647597386448,-0.7809825540816439,-0.8605207361227953,0.32508829243324083,0.06990064636290945,-0.8438518585184831,0,FP
-0.19570438482124478,-0.7856785480900312,0.014768770376501655,-0.8966555968009651,-1.190756609139456,-0.8996121074037711,2.080239671107117,3.317702807482826,1,FN
-0.23859191655801826,-0.38767015709762304,0.10741522218974554,-0.9055422333651754,-0.5730397089858043,0.7596307318186145,-0.1473304218767403,-0.9478182644863937,1,FN
-0.3694503533932615,-0.44098096586026425,0.12251309525769644,-0.8838729934588475,-0.8162161036829851,0.6183736060552022,0.08522563005500111,-0.840633396319176,1,FN
-0.5459411239964318,-0.7310326892517558,0.3625310118960527,-0.6306403572534083,-1.1931557137427142,-1.0015752181022248,2.627053574311392,5.814078648333977,1,FN
-0.4537843958004529,-0.7330658632303451,0.20543497751999537,-0.7336474355188595,-1.1019809829878282,-0.2549468427088088,0.7674714338728721,-0.06538456613426262,0,FP
-0.36512729019419476,-0.8504186872890122,0.177501102370855,-0.766210534332158,-1.130306177829427,-0.40771333689038763,0.9841192531555975,0.32163400957503413,1,FN
-0.0872847045906814,-0.39841985097183835,0.04375938407404888,-0.9277578923329367,-0.5857619681379873,0.5608890060161826,-0.1764310069434337,-0.9517282710077917,1,FN
-0.44143278666026214,-0.09481529879405425,0.14456745840838045,-0.917516507035285,-0.7892480665001791,0.3463272972775183,0.06783237896773309,-0.8296484033554623,1,FN
-0.0463871543264942,-0.006048967214315975,-0.022396059498784485,-0.9701597082968633,-1.17637073738239,-0.7544981334433618,1.7158248467240609,2.174217266553064,1,FN
-0.30302614423934676,-0.6496920457973632,0.15756423677763184,-0.8360074657648605,-1.1250964433898414,-0.4100060417432659,0.9875403917923355,0.3693145586153569,1,FN
-0.1066355589103136,-0.4298339853831829,0.03822444642265782,-0.918005504366973,-1.142030269307677,-0.5142114103266817,1.032757759795494,0.42583452151239315,1,FN
-0.2364646949838743,-0.4520538078332225,0.08458833354744685,-0.925962157325345,-0.7084840487933957,0.756360123311891,0.022561574471025598,-0.8771213077420524,1,FN
-0.358265285116311,-0.6698356900077121,0.15164347541097786,-0.8186701638289817,-1.0938993277059426,-0.3567378571081827,0.706442217509593,-0.08469428471758042,1,FN
-0.19947848761408082,-0.5892968824010337,0.04863676002623465,-0.9214249195446296,-1.1590954330685272,-0.6601401712606353,1.2637758916455406,0.9836201796873139,1,FN
-0.2928703767240788,-0.641898330838268,0.07195954078633483,-0.8879216165685808,-1.177701627527034,-0.8321195640857036,1.6428854693677242,2.124066383958672,1,FN
-0.2388663967611336,-0.7798783917513517,0.14315728318881216,-0.7912862769409558,-1.142643179241746,-0.5501001458856181,1.0663224775216336,0.5282158693231195,1,FN
-0.2499828449873053,-0.6917225134059425,0.1183425418262043,-0.8505929534428536,-1.1633507791884887,-0.6626575954318067,1.3659926041616695,1.2206745104546182,1,FN
-0.49495642626775543,-0.9149064337219852,0.2281352091244505,-0.6303357222976448,-1.1846537773548038,-0.8256709706502888,1.8836457303089469,2.6527261640482105,1,FN
0.04295615178755232,-0.4393441874906902,-0.04172004514279528,-0.9433806782935209,-1.1820532880610173,-0.8041299682735172,1.7646420197369594,2.2808243855817434,1,FN
-0.28847869347423316,-0.6224463310255922,0.1341545686839822,-0.8385223567743875,-1.177710383379046,-0.7496905791104866,1.7333795603718638,2.194995173421747,1,FN
-0.19975296781719618,-0.3599483168355132,0.09439020507407891,-0.91614556248108,-1.1977087589776978,-1.0530073887003262,3.118604334017379,8.130746780645287,1,FN
-0.7858368215192479,-0.19450444044535295,0.3219335788595832,-0.746400490552048,0.06527096465096767,1.4782930422259462,-0.43115864744920895,-1.0088903827702993,0,FP
-0.0712276127084334,-0.5802031305588715,0.03450848876279296,-0.9095351545568211,-1.202147978073691,-1.050138500728272,2.863715135950534,6.610386105683738,1,FN
-0.7737596925821725,-0.1653392333919981,0.3061288120921863,-0.7779949136537722,0.7233173388810422,0.7024745218841494,-0.7122553249651138,-0.9297449199339223,0,FP
-0.2508749056474302,-0.7272537352690244,0.13613146599780393,-0.8084041001941128,-1.11835443409414,-0.39531583147728594,0.8750587596266381,0.15458590943258724,1,FN
-0.38283126329513484,-0.8814911232138497,0.10002293763338531,-0.7925263781925221,-0.9935834830311527,0.11135813966467732,0.3278147846429295,-0.6375657279246089,0,FP
-0.5773004872023605,-0.8238365691058546,0.30704116027074957,-0.5950032834958295,-1.1119363915428013,-0.3457125749241603,0.8155346564936593,0.04015811978584828,0,FP
-0.7220887943457078,-0.9382620378176456,0.5499606925568596,-0.181571230682914,-0.36976375117662486,1.106827994011332,-0.21836839664597965,-0.9739174396843289,0,FP
-0.4073286214231798,-0.7587427483346469,0.18806441045127495,-0.7422384044361832,-1.1234153189866862,-0.5070894448588806,0.9300877221579879,0.3031623324345486,1,FN
-0.40897550264187194,-0.8961771862370284,0.18344032166920787,-0.6987274260624164,-1.1822108934705406,-0.8327809783414227,1.9606916914307198,3.0384783047386024,1,FN
-0.42009195086804363,-0.9015688330976652,0.2539505429509057,-0.6366107135591149,-1.164655401766624,-0.7200086357795621,1.36314237690474,1.269719749625018,1,FN
-0.44349138818362727,-0.6423187514972638,0.1478680420668766,-0.8618077558134808,-0.6768491402889755,0.7050811987981496,-0.05435422458755923,-0.9129009520412019,1,FN
-0.39367323131819115,-0.6348171400143237,0.2085612334524868,-0.7857836450650287,-1.2045033033959447,-1.1621074476498399,4.082707376269785,14.243721426467793,1,FN
-0.4402662457970219,-0.6736793218072281,0.1323936574574737,-0.8400240947001691,-1.1480542983823316,-0.5226474027122152,1.1775742673342355,0.7448743132988346,1,FN
-0.40808344198174706,-0.5904929004414597,0.1235852842931584,-0.8621762492468973,-0.6882492650542789,0.6824206742474629,-0.05078830077777055,-0.9149456280647008,1,FN
-0.19096960131750498,-0.387603885391839,0.02674254465522945,-0.9437734085381134,-0.328374818818232,0.9918341347632638,-0.26415244225893025,-0.9832884577743808,1,FN
-0.14067110409661704,-0.21242145090174788,0.0288919204710701,-0.9528020892822587,-0.4637666235137502,1.060570208773548,-0.19920874105591677,-0.9766255104845825,1,FN
-0.23975845742125848,-0.4699331605126701,0.08879149852082537,-0.9134494667489441,-1.1434136945853381,-0.6185080208772721,1.1614562743756667,0.8011582650139565,1,FN
-0.0874905647430179,-0.4893980331022941,-0.04049201677753353,-0.9361374922581926,-1.1829201178291036,-0.8419615167294362,1.7611750063006262,2.3277963613095474,1,FN
-0.2595210320455637,-0.6034044262431746,0.03516622698530405,-0.9111593064781514,-1.181895682651494,-0.8711481213354864,1.652744148427093,2.070979558645963,1,FN
-0.32738626226583406,-0.5615204804891649,0.12854446100289407,-0.8489541825640388,-1.033659036959398,-0.03744446924134462,0.45046632953179655,-0.4931880815149201,1,FN
-0.08879434570781583,-0.7563720979298859,0.01478140830633685,-0.8875344243848345,-1.2093890711644713,-1.1257337164240473,4.38616817764874,14.87349407412583,1,FN
-0.231524051327798,-0.6071415506698555,0.10927190884060803,-0.8705812630378612,-1.1740679471931537,-0.7474566472339061,1.6706292974676122,2.0799693323825057,1,FN
-0.3699306937487134,-0.3133280918820618,0.14634019954352756,-0.8920002328276115,-1.1387293115073398,-0.518956347534184,1.1123895102631882,0.6300245642319223,1,FN
-0.39079118918548,-0.5957745759952733,0.14379499840121795,-0.848760229173269,-1.0800300514165635,-0.2013944585056765,0.6712612757287366,-0.18655007470235274,1,FN
-0.3920263500994991,-0.9903590972411807,0.16226612763729995,-0.68510865666148,-1.0476771627329842,-0.1704985221642274,0.43356013747145034,-0.5081439384296205,0,FP
0.03822136828381253,-0.48951054113634695,-0.01288130042424239,-0.9248859078430812,-1.0756608791680837,-0.23332751583012362,0.5620756452872089,-0.34435836527892094,1,FN
-0.7990804913195636,-1.0489105872431892,0.7852223833231627,0.37988154820110825,0.494474280944046,-0.20448769583323168,-0.4476339289945116,-0.9312521902224212,1,FN
-0.3389830508474576,-0.6489715204332221,0.15661957913980717,-0.8377306654939183,-1.1282485516221956,-0.4383455107718664,0.9665605773753928,0.32526770648210357,1,FN
-0.5135524600288204,-1.0419996306943737,0.32703917894668677,-0.43471915714886905,-1.174129238188655,-0.7203664798060054,1.5962874835753322,1.7629065703625588,0,FP
-0.45405887600356826,-0.5725924160973258,0.20390662051662445,-0.8086953534091698,-1.1462593478611298,-0.637065519786784,1.2809470570480441,1.1213745943141562,1,FN
-0.13518150003431004,-0.3273777135686888,0.045265258841421185,-0.931403765986551,-1.0060868456735912,0.14988155658900804,0.4092064813201728,-0.5562712742360829,1,FN
-0.24003293762437383,-0.719371822600204,0.14445429358775766,-0.8083936656109109,-1.0708101348494938,-0.15891441387979802,0.6253448987284566,-0.26460188027884085,1,FN
-0.13463253962807933,-0.5110245398813085,0.011921262823270374,-0.9243714648353479,-1.1737264688075983,-0.7992272619522758,1.490026009109762,1.6039393803552,1,FN
-0.4041034790365745,-0.5046086283738378,0.21806292282688203,-0.8174205814397263,-1.205002387201495,-1.1925378404740106,4.379182982965022,16.890760117729293,1,FN
-0.3619021478075894,-0.9113800155332217,0.08997780503333143,-0.7808849766103919,-1.1706181398457771,-0.7588949387865644,1.5409728111477539,1.7710230665905293,1,FN
-0.16647224318945997,-0.7501996632578511,-0.013212484624417738,-0.9014426379905341,-1.188987926184763,-1.0373558898861643,2.017414083818487,3.934681167286707,1,FN
-0.22836752899197146,-0.8043476425480285,0.04684011720840979,-0.8742576259451391,-0.4812433125076691,0.5215855647081376,-0.33702994986322266,-0.9980964052258089,1,FN
-0.402182117614767,-0.6682357245340741,0.16016295950154485,-0.8400360415532925,-1.1603825439321662,-0.6591135429675753,1.4297896602384614,1.3857277877841292,1,FN
-0.10540039799629451,-0.81253993240373,0.027640632170761698,-0.8682168499104451,-1.1720628561189395,-0.8764949070855595,1.330361613761065,1.348206243602285,1,FN
-0.03938790914705277,-0.47086026749056314,-0.015694311906940376,-0.930877852524223,-0.8398043803135684,0.42046542715080565,0.04480156343020636,-0.8692140203020512,1,FN
0.04014272970561998,-0.62635721358203,-0.021894585400867125,-0.9181909266071381,-1.1515478850107128,-0.5423415582120861,1.2198000100977404,0.8295236915729479,1,FN
-0.29781102038015506,-0.9570464135931875,0.07015111204834026,-0.7818180622104618,-0.9849852322711081,0.28033046582818866,0.32711388928962026,-0.6645913815284619,0,FP
-0.38406642420915393,-0.5928234097495702,0.16469028774532554,-0.8393356299817636,-0.7115398426117279,-0.4187359529572805,-0.4489391151969277,-0.9313960860411195,1,FN
-0.00480340355451863,-0.5211135133575865,-0.013733531882725634,-0.935613929194323,-1.051809926872415,0.11162460543680831,0.5707731691233627,-0.3868193146021121,1,FN
-0.33589514856240993,-0.7588326550852088,0.07557366514059166,-0.873788182604334,-1.2001691545764575,-0.9352345696961583,2.92898116002352,6.417418463876727,1,FN
-0.2366705551362108,-0.5009619950542119,0.06273623820313791,-0.9076082884044672,-0.21230718883368346,1.6065872061066053,-0.3116965749843638,-1.011138534046542,1,FN
-0.2653537363617649,-0.9013068366163586,0.06794987226168073,-0.8177283335563713,-0.9298758732122632,0.5330363001282541,0.25439552268844795,-0.7326945464072068,0,FP
-0.47615453235435395,-0.7474529610826194,0.2601436746535378,-0.7362654157620179,-0.6545567303845156,-0.5721000915071665,-0.6078070832935405,-0.887440548909665,1,FN
-0.21608453990255952,-0.49521007691419566,0.05876246099492044,-0.9060295589069265,-1.208898743221405,-1.2292746144275037,4.9174825646185365,22.732149467839353,1,FN
-0.3725382556783092,-0.5086497265552777,0.15231245702920834,-0.8735584549767663,0.4688634012420084,1.0203203870265865,-0.6820761816846329,-0.9387966024841728,1,FN
-0.38084128182254856,-0.8059162609301138,0.031819055125112364,-0.8468441373586939,-0.9979614111316446,0.34807467697455863,0.41638294868640663,-0.5734189708192018,0,FP
-0.28497907088451246,-0.6624395349417022,0.0782718786773732,-0.8879920269670162,-1.1808975150403929,-0.8891981746794,1.5753435979539685,1.9260544987268327,1,FN
-0.11967336855829273,-0.5205251875126503,0.009951918429216774,-0.9258050209956483,-1.2087761612304022,-1.2415684876122468,5.305583450537528,26.262979152041932,1,FN
-0.2953406985521169,-0.6668743859714485,0.1095709535563825,-0.886694538389863,-1.1974898625726733,-1.1388016301921553,2.787137119283221,8.195051875644005,1,FN
-0.1822548548685926,-0.5981962066192473,0.022680599038277894,-0.9068607795930869,-1.20961672343198,-1.1399336021960906,4.35909537551379,14.768226457998987,1,FN
-0.26164825361970767,-0.5064752065627132,0.16285189944339923,-0.8583474699002465,-0.768330326094672,0.6159292874403682,0.010019344995387484,-0.8867272265557391,1,FN
-0.46188156179235573,-0.6416386853302098,0.14402912752542973,-0.8432478071706797,-1.1984354950402851,-1.0728746464687113,3.22508541921494,8.863747116825051,1,FN
-0.2541000480340355,-0.7498828065656881,0.09178940706246275,-0.85114081704665,-1.1651282179951938,-0.7056787323621747,1.3236640156202863,1.1081108243417006,1,FN
-0.16777602415425788,-0.6324133858011861,0.040796955435659615,-0.9011094742777748,-0.9899935820306374,-0.05379240980917917,0.3016740594841209,-0.6354030984743921,1,FN
-0.5224044465792904,-0.9507398747071986,0.2505885859826357,-0.569418306524828,-1.0361194325267415,-0.21432768792970364,0.3769208693896577,-0.5511481569522068,0,FP
0.08282440129005696,-0.7092845719725619,-0.02365389055000784,-0.9090483094124068,-1.208101960300832,-1.1734289169913894,4.016682568107746,14.062460572730917,1,FN
-0.26418719549852465,-0.5120022222233137,0.10527532140470118,-0.908523764731242,-0.9698200892556059,0.16430002109200081,0.3080612975592901,-0.6388542993850191,1,FN
-0.4480203115350305,-0.8108643525545757,0.309861337176088,-0.6370732593524373,-1.167789998284482,-0.7240982967633053,1.6035452562923442,1.9089087295019098,1,FN
-0.06175804570095382,-0.3110049369205638,0.01891041612366409,-0.9413857126574641,-0.6657554704488186,0.4755152816106823,-0.09756907515292003,-0.9141779191955991,1,FN
-0.3915460097440472,-0.0011429211207295272,0.1477241076681204,-0.9139677529353714,-1.0834098119687865,-0.2281712362160372,0.7455733204625674,-0.06513422366302468,1,FN
-0.09750909215672819,-0.8418486327141356,0.07596270556603026,-0.8619683595419975,-0.9961927281874234,-0.06909627846606656,0.3658190714345461,-0.5493178772548712,1,FN
-0.08989226652027722,-0.7228310366659343,0.05026881137487221,-0.8885395829508007,-1.151556640862725,-0.5779116836882491,1.161211666301087,0.7107069087468859,1,FN
-0.009538187058258422,-0.6816904900682024,-0.007973426939114682,-0.9257811606848521,-1.1870703936725586,-0.8509414279579068,1.9556603788497844,2.8840570673312884,1,FN
-0.22829890894119262,-0.7945853121068993,0.060159603812008085,-0.8387212634994065,-1.1538244076229687,-0.6245513946057596,1.1477327019178811,0.7007780903467946,1,FN
-0.3140739724147396,-0.7390618660094971,0.18354363506579202,-0.7785983302470778,-1.1494639912265012,-0.5659920077939493,1.2521605219607035,0.9439290874119457,1,FN
-0.31043710972346117,-0.556960483381008,0.12196658778674961,-0.8776844038289144,0.21722884962641792,1.1913611703349651,-0.5211641788828093,-0.9916789504356848,1,FN
-0.16942290537295,-0.6988096210022102,0.02171879927917002,-0.9005108472837429,-1.1652070207051914,-0.7603459882245825,1.2016093919212925,0.8681578077905023,1,FN
-0.4220133122898511,-0.6565246399580483,0.1040749308948274,-0.8628539667185473,-0.880177633314948,0.27245011525087853,0.15777976455404985,-0.7702417989499382,1,FN
-0.08968640636794072,-0.7734075124363989,0.014166421038982758,-0.8748632361548101,-1.187227999082082,-0.9055498639953135,1.8608847476669341,2.690973843503134,1,FN
-0.1093803609414671,-0.7914621600797337,-0.008607301061329266,-0.8718400861319728,-1.1921838137085938,-1.0193500381520864,2.080268345871025,3.933454239457629,1,FN
-0.3350717079530639,-0.6688321787439651,0.12767717281821367,-0.8521941724526109,-1.1098962769767624,-0.41420735880380777,0.7588956278015939,-0.027210715786347005,1,FN
-0.35140328003842725,-0.8109387216228969,0.1728295064693997,-0.7833344943865991,-0.17748514862602832,1.0869755441243791,-0.33199507461696665,-0.991934554755086,1,FN
-0.7841899403005558,-0.7804176569217217,0.6069477453914902,-0.18356486774203912,-0.6036939616459798,0.28144376564247736,-0.18412216338513404,-0.9597980562267927,0,FP
-0.3518836203938791,-0.5155932517951095,0.09311742776608203,-0.9000232820296651,-1.1916321947595543,-0.9490213217375523,2.580945105357926,5.357427579233971,1,FN
-0.32251423866053663,-0.642402136537572,0.07466636638271931,-0.8776947483848989,-0.8454781751401835,0.3902572218274157,0.0747156284902637,-0.842323170137064,1,FN
-0.22280930487888562,-0.8116899430278209,0.13321467062696885,-0.8220496047966039,-1.199810164465934,-1.1573111333147073,3.026252414004828,9.588163762295487,1,FN
0.04295615178755232,-0.812089096288857,-0.005643700963034012,-0.8580529420217091,-0.8926459725493376,0.37160776487539343,0.13721338665467597,-0.80873546728607,1,FN
-0.2599327523502367,-0.4765464993233868,0.14697149243946733,-0.8645322886902822,0.11008343661220436,1.2522872934567322,-0.4418822067302025,-0.9948087807215139,1,FN
-0.49365264530295755,-0.7399326155421301,0.2625236818697003,-0.7035943969749249,-0.7174763131034283,0.7150272895794526,-0.021987199232262788,-0.8985810708838249,0,FP
-0.3270431620119399,-0.510047720917555,0.14930424863739258,-0.8541372560048814,0.15730376997119203,0.5371175808726921,-0.5328149491951137,-0.9377930802721229,1,FN
-0.4136416660948329,-0.913268798487272,0.25051002969497493,-0.6174006533776493,-1.1790762969526827,-0.8851475826751037,1.6523876733005969,2.2599429748939026,1,FN
-0.7660742468949427,-0.9087439953756977,0.6434576753681934,-0.033087778908151226,-0.8777785287116895,0.3487238764955698,0.10717560504172992,-0.8243803576161771,0,FP
-0.05592534138475262,-0.6825688737507798,0.04478166413430372,-0.8920305645426511,-1.109011935504652,-0.36753231431014693,0.8228935449329359,0.0965665746831663,1,FN
-0.13826940231935772,-0.38878686418015,0.06088942589587234,-0.9265724360532663,-0.9649080539729308,0.25448180749996363,0.31720182051066587,-0.6443493813950426,1,FN
-0.1594043779592397,-0.5601760030733304,0.08540515798972438,-0.8985502307237312,-1.19284925877568,-1.013047899158674,2.4821176371552154,5.337862041783871,1,FN
-0.20476223152405132,-0.5367059833830978,0.1085627641842981,-0.882153205613627,-1.189092996461269,-0.9882031631185207,2.3204470117942995,4.655251197397413,1,FN
-0.5800452892335141,-0.5101378272298973,0.2111558436104472,-0.8435825708749589,0.4254080873898604,0.7564205768789543,-0.6273019277893243,-0.9485681934492319,1,FN
-0.6629383105743498,-0.21970074456901303,0.24820577432363106,-0.8303935845292323,-0.9756339778191359,-0.16895680060962875,0.3070399834140083,-0.573149129967016,1,FN
-0.3535305016125712,-0.5743703403980454,0.11656905644602272,-0.8625078776335451,-0.31856825985218606,0.9937691020640249,-0.3120836199466002,-0.9952594965706542,1,FN
-0.24614012214369038,-0.5334364499240777,0.12167787224679945,-0.873932688861148,-1.1796279158912504,-0.8376576223029808,1.9694551868921675,3.1036043006114937,1,FN
-0.46963562753036436,-0.8905775905299703,0.11777557544647284,-0.7693478334989353,-1.193943740800803,-0.9333247825797959,2.3326219102260457,4.2916877394801825,1,FN
-0.46757702600699924,-0.8245744263845901,0.21415992021804722,-0.6878903227414226,-1.1344652095353662,-0.5896565193690981,1.1147618200431408,0.7496035198343554,1,FN
-0.15062101145954848,-0.7030696600805255,0.05087170565691903,-0.8990220499689049,-0.8927072636181431,0.4580457163559036,0.30397297423306574,-0.6470570945785675,0,FP
-0.2295340698552117,-0.7796008677482607,0.12280722707362701,-0.8360694346796558,-0.2919942362193682,0.9909344851963108,-0.32602545511655373,-0.9925480556546936,1,FN
-0.4502847732107322,-0.75349569727082,0.1874142674287109,-0.7767712029397,-1.1325827004521547,-0.38349954328950553,1.1138082764323645,0.572910245617316,1,FN
-0.23522953406985522,-0.35009472257160906,0.09569355365620516,-0.913593940979269,0.5868573192975575,0.5830313609071303,-0.7280186106205965,-0.8898510985073567,1,FN
-0.13175049749536816,-0.6502570065009221,0.027945554685546773,-0.9065257155459059,-0.9192550195902043,0.22559610700605992,0.16625193288580434,-0.7738226115699738,1,FN
0.03403554518630344,-0.6364073488447709,0.01630622487856644,-0.9180086942629294,-1.1663190144448108,-0.6868530274641433,1.3300324682838691,1.072747856205134,1,FN
-0.16372744115830645,-0.5979194050506442,0.029059578890338167,-0.9021258096201136,-0.7661501178964383,0.6049647191886288,0.0021273734015361655,-0.8910142967019182,1,FN
-0.3086529884032114,-0.6626595901019403,0.16932368030211076,-0.8080249723811967,-0.8679807255976559,0.2930338291069571,0.06406561356833573,-0.8508043361403766,0,FP
-0.18506827695052494,-0.6477006367647438,0.01733353243645644,-0.9100443702939461,-1.1870879053870549,-0.8639853549058647,2.007574444958072,3.156479051388117,1,FN
-0.054003979962945176,-0.6434318484915479,0.05886131433088306,-0.9029791934653242,-0.1473387361155997,1.2887764564808986,-0.3349477740411072,-0.9999303849026184,1,FN
-0.5062787346462636,-0.6888293016207933,0.25639870353771727,-0.724237568692474,-0.5358448318356475,0.6999237241162248,-0.11096812462131139,-0.9111920611340694,0,FP
-0.33664996912097717,-0.648840979152573,0.1790612792660288,-0.8122104373657875,-0.09409437405894981,1.24996044981161,-0.4192089278847822,-1.0081619095651144,0,FP
-0.4791738145886228,-0.879055958862226,0.24129679548865382,-0.6617804280473049,-1.1769661356019625,-0.7974455475502312,1.6417688653280886,2.0066303698557917,1,FN
-0.2919783160639539,-0.7542382726485725,0.04207210669740448,-0.8826437265271796,-1.1910105289734734,-0.9701710159169677,1.950660745025206,3.134377877666279,1,FN
-0.3887325876621149,-0.9472551375755103,0.2549677100990225,-0.5821846750307851,-1.1975336418536782,-0.946527389777794,2.7001726796063408,5.673359694111059,1,FN
-0.57201674329239,-0.6043616214581505,0.3522326043686255,-0.6458080269897402,-1.1945741624493682,-1.030483451686811,2.6407944952613587,5.987591713560801,1,FN
-0.2726960817951005,-0.6951924272136181,0.07829026187138215,-0.8821293780498258,-1.0874462616313632,-0.3261750170365083,0.5473399353871895,-0.3775380910480572,1,FN
-0.28223426885335895,-0.6330297849865848,0.09249735007907571,-0.8714453018330159,-1.1676411487374427,-0.700527189293983,1.3864202327629578,1.2367405173078203,1,FN
-0.17800041172030467,-0.6642766579680726,0.0025163927808109473,-0.9118156790333243,-1.1284674480272203,-0.4507861042153168,0.9241727570173088,0.23686755854929148,1,FN
-0.07726617717697111,-0.6538375851316872,0.00801584597351374,-0.9044872600991474,-1.1954585039319507,-0.9455665648898116,2.4361483105754425,4.691702049894748,1,FN
-0.3370616894256502,-0.8137664672440711,0.13654403939998316,-0.8121379275931639,-0.6327896718102266,0.645973045864208,-0.12796869869628164,-0.9435301227360808,0,FP
-0.2149179990393193,-0.5783320413879707,0.04631591488072575,-0.9146744544877474,-1.2035576709283327,-1.1559707532913979,3.496015809135122,11.451456932305637,1,FN
-0.04926919645920538,-0.6345171246690882,0.01812818925282069,-0.9209568128143972,-1.2027083528747429,-1.080727420763385,2.988043620113667,7.547694323089834,1,FN
-0.16736430384958484,-0.7454367441238434,0.0800488345911613,-0.8345847921983567,-0.7891867755360938,0.5600328323300573,0.0431364803389078,-0.866984031866298,0,FP
-0.15068963151032733,-0.665141091083772,0.0800813614303324,-0.8646481774597937,-0.9772012760623568,0.0697868644867097,0.28779119262785585,-0.6638490659391797,1,FN
-0.3089960886571056,-0.8345609220207499,0.10136920700317163,-0.8427827673100142,-0.9640674917608811,0.19179437727141915,0.28033073031388767,-0.6783129647450907,0,FP
-0.382350922939683,-0.5142740663599856,0.15206201060309546,-0.8457000313113057,0.7818677491420353,0.40482327110385846,-1.057833668146636,-0.6923201598022501,0,FP
-0.34893295821038905,-0.5184424013290909,0.17784214767537934,-0.8421160541256142,0.11425998074473637,0.7156728005458709,-0.4442761345064986,-0.9620399583291182,1,FN
-0.36876415288547315,-0.714812433816796,0.15118308896313287,-0.7794903576719492,-1.0952389736921269,-0.24628609835285514,0.7752266694827269,-0.016887050343612008,1,FN
-0.3124270911960475,-0.7149933079132316,0.15574261520024885,-0.7989437336466413,-1.0787692082032092,-0.20726064277117917,0.6407740625637377,-0.23653625083514457,1,FN
-0.21375145817607905,-0.5838859694917824,0.08576100178393237,-0.8890360289809915,-0.9451635981559362,0.21536314031804304,0.2512269242351737,-0.6997888338930965,1,FN
-0.16249228024428738,-0.5958589960994907,0.02195750904080982,-0.8992667226909719,-1.2061844277886278,-1.1402182884227934,3.429467251693695,10.324326610704809,1,FN
-0.20023330817264806,-0.546517298946683,0.01909773297546798,-0.9056197997205496,-1.085625043575069,-0.24351902226729172,0.632714119565362,-0.2633511171872008,1,FN
-0.28779249296644477,-0.8097233877736735,0.10368502379690035,-0.8352886833812813,-1.0730428781598007,-0.2794201136749096,0.518512740361422,-0.3979868336940547,1,FN
-0.27804844575584986,-0.6958419481835848,0.007794065651045125,-0.9032034390874077,-1.1999940374524378,-1.1744843558174762,3.033336388908362,10.502542409540505,1,FN
-0.11761476703492761,-0.48635906748885344,0.012277165838200314,-0.9212181462636867,-1.2085485089733654,-1.1130220356548435,4.063666375476281,12.877131147424175,1,FN
-0.2132711178206272,-0.7676209229119827,0.11389663751965862,-0.8580751650908283,-0.8577713973343297,0.4192491013587759,0.10780617414277911,-0.8207160956366519,0,FP
-0.2363274548823166,-0.6925947088496492,0.09202726011663939,-0.8571698571923606,-1.1564073852127308,-0.7063523392059418,1.3557865415560493,1.3066548833656089,1,FN
-0.40767172167707405,-0.676781339043413,0.23183224476715122,-0.7647147879176371,-1.169751310077691,-0.7640950117169367,1.5759298970962634,1.83447039968514,1,FN
-0.3190832361215947,-0.4036983304108679,0.19453316493179457,-0.8520351320418614,-0.8961220474736946,0.3466795092380001,0.1899801107445143,-0.7567832027368565,0,FP
-0.3914773896932684,-0.835376142315565,0.25317071451930107,-0.7084151470710096,0.12618545704965062,0.898155079290368,-0.4792644311812077,-0.9773686928724727,1,FN
-0.2998010018527414,-0.6450299645016344,0.09605013714000743,-0.8702265712920394,-1.0756521233160716,-0.24112864950870055,0.5950013324732177,-0.29420353077613337,1,FN
-0.1406024840458382,-0.7317601661916047,0.021968562104545446,-0.9009547466714922,-1.1881035847126522,-1.0139873718272354,1.92882864827103,3.4725951038297453,1,FN
-0.24792424346394015,-0.6903096201675424,0.05070677736987566,-0.8912738261942565,-1.1953184102264516,-1.0005119907501554,2.3707694162797543,4.710174424257585,1,FN
-0.2714609208810814,-0.7026752780655083,0.18246873027621333,-0.8035312152607575,0.357996750075417,1.1272621685092623,-0.549407893406006,-0.9769461481480115,1,FN
0.007822685788787484,-0.3169166373525807,0.03542946480264217,-0.9415945576451669,-1.1818869267994818,-0.9015238732390126,2.145438118713969,3.888824960849019,1,FN
-0.33500308790228506,-0.7454472013174627,0.21692296535546368,-0.7648053305129738,-1.1811952141554154,-0.8744396743359444,2.0229529569485116,3.2616057096587174,1,FN
-0.7609963631373087,-0.585237148900837,0.433744080080411,-0.5466514484070378,-1.2028396907177576,-1.1225705109836348,3.4704775619711756,10.471320939905674,1,FN
-0.33081726480477597,-0.5782444480951267,0.15969321247833732,-0.8555733750768676,-0.6608959702782166,0.5344161102919249,-0.13646826262571957,-0.9469982129094722,1,FN
-0.2920469361147327,-0.8226703529860665,0.140857995952024,-0.8042006468780509,-0.473713276111991,0.7278514779361336,-0.266531155133041,-0.986079516158833,1,FN
-0.40101557675152677,-0.6496050105480363,0.1427601925888416,-0.8352487532662106,-1.1367329762956098,-0.46114747581754945,1.1100784732135696,0.5965486462305941,1,FN
-0.5554106910039114,-0.5698431375951378,0.2709252391387556,-0.7295008141984297,-1.16980384522118,-0.7587502075250581,1.5391690377342373,1.7127412664233155,1,FN
-0.4149454470596308,-0.8065305574221293,0.19343077076570528,-0.7387604089192013,-1.1605751727706823,-0.6162215622342693,1.3977392062987337,1.2673464092719673,1,FN
-0.7505661154189254,-0.9428023635010384,0.48085076844983815,-0.3178782203020842,0.16962325961665473,-0.22437721184657167,-0.3071569796522981,-0.8666842022970298,1,FN
-0.19591024497358128,-0.7408751565135054,0.13574546746752528,-0.8153941069260221,-1.1376348294822167,-0.4015472476678163,1.1073895042805515,0.5554219584076435,1,FN
-0.09476429012557469,-0.5617083686871926,0.052782586243879416,-0.9078072370989572,-1.1722729966719518,-0.7216918111739393,1.4978548608374962,1.498938312729765,1,FN
-0.4095930830988815,-0.8738262342419787,0.20278175735378445,-0.7146256042724302,-1.1699264272017107,-0.6645952203317513,1.5381150988945496,1.597613202165839,1,FN
-0.2558155493035065,-0.4779169252417171,0.08547555220985452,-0.9083111954483256,0.0627405221628065,0.7384607592488495,-0.46940526404569616,-0.9656348377357656,1,FN
-0.06608110890002059,-0.39151599736347614,0.017630715827857267,-0.9337840456635152,-1.1856869683948976,-0.9056334875114959,2.3033941691222646,4.363314903892122,1,FN
-0.07424689494270226,-0.6007604837955892,0.021444827705979275,-0.9213631120952159,-1.0419070535342352,0.006703105015514262,0.4965729664565979,-0.45226034787405905,1,FN
-0.3526384409524463,-0.69225413530801,0.19187695796277807,-0.7873984143418322,-1.149175047973963,-0.5306611937295443,1.2281695107413049,0.849106315784947,1,FN
-0.08584368352432581,-0.5655349184151266,0.025592646359259494,-0.9150326000868774,-1.2006419708050275,-1.0485150543076767,2.632769890137803,5.71385095296666,1,FN
-0.2421601591985178,-0.680878072756674,0.014284488367351607,-0.8780632987022595,-1.187192975663561,-0.8648919446113685,2.0626945362441376,3.337799821502644,1,FN
-0.16057091882247992,-0.6321938118297324,0.037539507951728134,-0.8914056763679236,-1.1564861879122565,-0.614427463874321,1.2588734178022989,0.94840236010413,1,FN
-0.2932820970287518,-0.26134889661614075,0.12426181826172698,-0.9108275299194566,-0.502914056605104,0.8805213226744218,-0.16651753174983233,-0.9528671318943873,1,FN
-0.06141494544705963,-0.6448254988680158,0.025531107914780284,-0.8938023617490325,-1.0163049298936497,-0.04522994636712601,0.3658533956798058,-0.5787850176451061,1,FN
-0.051327797982570506,-0.55772932926956,0.014583771816661427,-0.9298940715136532,-1.1898284883863404,-1.016375230372069,2.122784807702695,4.180409990222079,1,FN
-0.23968983737047966,-0.3121180156781317,0.08327521781692473,-0.9331908470693253,-1.1002210558956194,-0.24516701116205442,0.8060287815309415,0.008243313214188261,1,FN
-0.36533315034653124,-0.7633494728597885,0.12950965342605342,-0.8057555132908476,-1.0962634089011523,-0.24768945353920527,0.7472328833545874,-0.07782105488340807,1,FN
-0.18438207644273658,-0.5826518077961835,0.020226405482775607,-0.9063491328689138,-1.194810570568889,-0.9173117259146911,2.501695006030048,4.879065028767021,1,FN
-0.24579702188979619,-0.5957186007394809,0.009921787324491881,-0.9236025521701043,-1.1822721844660418,-0.8242220441683704,1.7213916346137135,2.14047218674088,1,FN
-0.06532628834145338,-0.43133858742023445,0.05002743041701466,-0.9461829746921475,0.059001771678084174,1.2906371316754301,-0.48261914236439746,-1.0023261226316484,1,FN
-0.12337885130034996,-0.4769610240520208,0.06795907069184542,-0.9058061044003669,-0.5903150133834429,0.8462192257873922,-0.1067281368631175,-0.9353234710137017,1,FN
-0.030947642901255748,-0.49071457421356257,0.028312199713064617,-0.9307070087130833,-1.026312873560696,-0.010001067983361606,0.3972536557902449,-0.5615240668912623,1,FN
-0.4787620942839498,-0.7928288039636393,0.2313422270317802,-0.7138779363373127,-1.141986490026672,-0.5856596457918838,1.084529660944262,0.6338463220006226,1,FN
-0.3437178343511974,-0.7748270605130814,0.12410399888139467,-0.8298947761401845,-1.167177088350413,-0.7309274530070706,1.2741749799404907,0.9632065208056014,1,FN
-0.574143964866534,-0.9132023730720226,0.31009372498330257,-0.5655024445244241,-0.2118431284675977,0.7570486794349958,-0.2881471582086693,-0.9605349084474302,0,FP
-0.33555204830851576,-0.50630941813848,0.13481475374728366,-0.844136949221431,-1.131024158040002,-0.4857345990708853,0.8906894405140469,0.17500708143736343,1,FN
-0.7483016537432238,-0.693455740817769,0.4216423091797207,-0.5288658370466661,-1.203146145684792,-1.1217149275911744,3.4639674222559633,10.335439627002332,1,FN
-0.1471900089206066,-0.6659959400235113,0.0456847753038185,-0.9132388163895028,-1.1346578383738823,-0.5157331087453823,0.9139408287002955,0.22097063123143076,1,FN
-0.33774788993343857,-0.5736210476561264,0.18612773326089205,-0.8350984167473655,0.16989469081959202,0.5338183784727043,-0.5328956398023693,-0.9320556590652029,1,FN
-0.5294036917587319,-0.6936151958909751,0.24761517631340826,-0.7001565289556165,-1.1442542567869156,-0.6225229488091092,1.0235162321010716,0.5165156252879549,1,FN
-0.5807314897413024,-1.0404728429104375,0.3890079572080062,-0.30796817118989567,-0.535634691282635,0.7343219235944057,-0.21285035681369086,-0.9763922851902227,0,FP
-0.3603238866396761,-0.6648886256314239,0.1501255627506526,-0.8099790645797784,-1.0756696350200958,-0.1674014571556263,0.6520305789129689,-0.22194558630103658,1,FN
-0.17573595004460305,-0.6761276809441039,0.07901977162288114,-0.8672425693110983,-0.8802126567229968,0.19113585287088047,0.11334287678657594,-0.7943762464194912,1,FN
-0.353187401358677,-0.6378500614589517,0.09760362380189143,-0.8674892745083765,-1.1924990245276406,-0.8682317463817858,2.296901240482557,3.9906032900535773,1,FN
-0.3577163247100803,-0.5442127451752301,0.10898232278451679,-0.8823583938535482,-1.179373996057233,-0.8336172308230714,1.9223056991717642,2.953671467490467,1,FN
-0.4490496122967131,-0.7827012877086271,0.21854398584813634,-0.7195089919488494,-1.1678688009944795,-0.7557304698508136,1.4326400792395897,1.4881899550497601,1,FN
-0.32917038358608386,-0.6735926914130019,0.12447557588466203,-0.846975752683449,-1.174567030998704,-0.7362954691699359,1.5975946598501163,1.7983040739441913,1,FN
-0.2981541206340493,-0.6269514614097798,0.07944171613487823,-0.8927102876506663,-1.1340011491588085,-0.526104443505237,0.9296733739839094,0.27505218101085566,1,FN
-0.3065943868798463,-0.7010278945243887,0.09948235835600575,-0.8559068145993014,-1.1581410447384313,-0.6308875855083655,1.2974191094467238,1.0443313551353715,1,FN
-0.5009263706855143,-0.7215002990526428,0.3176676356502172,-0.6494752683998699,-0.9932682722539942,0.23909275398737373,0.35929224183942393,-0.6215111530825056,0,FP
-0.17882385232965073,-0.6659294963715455,0.055326349575391835,-0.9113642050746841,-1.189381939713807,-1.0095573101510047,2.0643494528255912,3.9180269902279576,1,FN
-0.11891854799972552,-0.6385257325773909,-4.788078363724717E-4,-0.9027244725313667,-1.1960276345850147,-0.9848518098774653,2.469262549419473,5.095215914128078,1,FN
-0.18465655664585193,-0.6962565414301671,0.013884474171307497,-0.9084414591399592,-1.1752062084992814,-0.7117157832192719,1.6491525123012702,1.9153083714786878,1,FN
0.055376380978521926,-0.44967145440659817,-0.013079041404326247,-0.9446103993961094,-1.2059392638170947,-1.0859584760191079,3.46231043280351,9.475986043976794,1,FN
-0.647636039250669,-0.788163498677003,0.40989959992227404,-0.5090138841738402,0.7931803158060968,-0.06034766780497785,-0.8333048714756961,-0.8000837737225066,0,FP
-0.06436560763054965,-0.5363279823681851,0.07098115623557459,-0.9158499367316139,0.12658822603277103,1.2898530527493723,-0.49579619911490863,-0.99795868636669,1,FN
-0.14403348658478007,-0.49881357492888795,0.05743610786711095,-0.9204035453800116,-0.2185763819112871,1.3071990774050213,-0.33102113639594005,-1.0054335055861683,1,FN
-0.542441501406711,-0.4382261704908877,0.2955277136462173,-0.7432326572080613,-1.2134080091649115,-1.2894214035734815,8.577169441662248,56.71829802565142,1,FN
-0.15995333836547038,-0.5528060406212889,0.1263227282840063,-0.882916260421462,0.12877719008301705,1.105729510028559,-0.47174712717103,-0.9892859663667911,1,FN
-0.3414533726754958,-0.5819805192211825,0.11329174710068124,-0.8739334783195086,-0.7278169793563775,0.7686190488402285,-0.03471372829305033,-0.9212207001388985,1,FN
-0.3409730323200439,-0.33837418017401427,0.17835564258334913,-0.870775548689946,0.056471329189922995,0.8496463083961159,-0.5424590990342851,-0.9853794611363209,1,FN
-0.3539422219172442,-0.5951219652045256,0.17952386100895343,-0.8374125064254743,0.3862606533560262,0.7201515224088576,-0.6015890774862642,-0.9348386271782763,1,FN
-0.35181500034310026,-0.785229647151276,0.15026982898475216,-0.7850545630490104,-0.4912950354347762,1.0026247977881033,-0.1965606749373107,-0.9765865381339648,1,FN
-0.48699650037741027,-0.7035369665554129,0.2230730911406479,-0.7470306493718415,-1.1868690089820304,-0.964342358314805,2.3387233765239035,4.68544567719941,1,FN
-0.22946544980443284,-0.4283204619445446,0.07737724290425686,-0.9097054186849052,-1.1761255734108567,-0.8150395341597662,1.8482373203512448,2.688994770212477,1,FN
-0.31201537089137443,-0.49989655216262224,0.25286949087956,-0.7767515990177556,-0.6387173864499149,-0.09758111277529478,-0.05667803557760648,-0.7961687718380115,0,FP
-0.2430522198586427,-0.5669084232122079,0.10505776127045871,-0.8933292066858425,-0.9521332597086745,0.27060946517976575,0.30097007792077324,-0.6531858159996923,1,FN
0.14561174775269334,-0.45430046862790757,-0.025193267447815783,-0.9434864295804556,-1.196150216565545,-0.9869556500025706,2.393093952519283,4.660668424761727,1,FN
-0.4161806079736499,-0.4935695634046099,0.27436541401089765,-0.7603631887089958,-0.5829513382807163,-0.12611704965035772,-0.1122458550880908,-0.8204907630012597,0,FP
-0.339669251355246,-0.9167561867164534,0.15627781863117934,-0.7467450295045417,-1.1112008995548979,-0.35495774549966275,0.7913212650006817,-0.00723810696378116,1,FN
-0.9263706855143072,-0.5852317331171615,0.48769248749222327,-0.45506759049206996,0.21030296775262078,0.32460928346283535,-0.35678121532884804,-0.9562784533290368,0,FP
-0.26960817951005284,-0.6675074141762927,0.0796435547333767,-0.8584419105408045,-0.6766915349527561,1.0731599943268775,-0.026936202420069354,-0.9215579973385397,1,FN
-0.09105880738351746,-0.6411377625952194,7.189951834962864E-4,-0.908905366005031,-1.2057378791265665,-1.177608612381482,3.516470319111015,12.125363715159853,1,FN
-0.8351060179784533,-0.7578960816884376,0.5598010232445978,-0.28679531765586663,-1.1821058232045063,-0.909690059965749,1.9161951540766082,3.0681720950670286,0,FP
-0.3462567762300144,-0.5356546815018088,0.15031367267611506,-0.866317112319865,0.2557983965896878,1.2847905313037384,-0.5362625348767938,-0.9850554017593324,1,FN
-0.2198586426953956,-0.10196305597701233,0.049216304688006855,-0.9581293060610726,0.5460550300711812,1.0211074389997647,-0.6287931500239762,-0.954943664069424,1,FN
-0.5899951965964455,-0.46745330318002104,0.25772614498865004,-0.779377833521085,-1.1417150584781584,-0.5467578563070763,1.0673468116380487,0.5358535374815148,1,FN
-0.26672613737734163,-0.4668852721950201,0.08685120060966851,-0.9084650077238597,-1.0041605573931507,-0.08287083962300179,0.33159848425082944,-0.5824638180416672,1,FN
-0.14019076374116518,-0.542967980392282,0.030943484580809866,-0.926930053269364,-1.1528525075888483,-0.6570688914945376,1.3554860124479362,1.2738673764336923,1,FN
0.00905784670280656,-0.3497483653856751,-0.00596819265219949,-0.9497317744361127,-1.2113941622386852,-1.2210933981539842,5.540097410328665,24.52743467480309,1,FN
-0.14163178480752076,-0.5574156710369018,0.06559571005049226,-0.911119061970313,-0.44636873718794107,1.1427624624228812,-0.21230578033751926,-0.9832808881825371,1,FN
-0.33363068688670827,-0.5234656420322803,0.09888216089452753,-0.8894039912574276,-1.1610042097182474,-0.7185635080176729,1.4006736952533627,1.3832017432756099,1,FN
-0.423317093254649,-0.8000396799846674,0.16752132624355576,-0.7578617412235599,-1.1617397016433189,-0.6736221009346768,1.2980372616582845,1.0503642060477152,1,FN
-0.31695601454745076,-0.8266791531614635,0.09170895642348721,-0.8384785613250653,-0.9752312084171355,0.42012669767934313,0.3587450538653672,-0.6337882961660162,0,FP
-0.48836890139298705,-0.9188615382311204,0.22144751349953554,-0.6509191944779638,-1.1925515596606577,-0.8962358899941171,2.3502674132994357,4.29474057200714,1,FN
-0.3971728539079119,-0.752891203534835,0.2661393471015878,-0.7238601488028678,-1.2075678530767608,-1.188522668361052,4.933940201630236,20.357061975259974,1,FN
-0.6774857613394634,-0.3204915982931687,0.26959867831134676,-0.7977315447232122,-1.1438164639768664,-0.5840649076889619,1.2061676715634582,0.8627860154219684,1,FN
-0.5865641940575036,-0.9389997077792527,0.27013033462033315,-0.5865961505527894,-0.43851473416309217,0.6774916381030305,-0.3195437060352085,-0.9933334734617725,0,FP
-0.19913538736018666,-0.5098979771562737,0.04848974458400477,-0.91749742447144,-0.9538143841327739,0.31092976356096713,0.2863228620358629,-0.6820727687289581,1,FN
-0.7275783984080149,-0.9133936394914721,0.5774356459745206,-0.11441536479194958,-1.1985493211688034,-1.1714774421950174,3.20290225684485,11.043096298860435,1,FN
-0.15110135181500034,-0.46967643183711294,0.07474801880374932,-0.9051788510207841,0.11007468096963226,1.3711062636024909,-0.4716838472275591,-1.0030182600175284,1,FN
-0.5681740204487752,-0.8862245319541547,0.3260098620126182,-0.5769988171226793,-0.8957280340284264,0.33242513331295837,0.14662496763078842,-0.7957268813738892,0,FP
-0.4624991422493653,-0.8914681237734345,0.27316006319613095,-0.6708276701773221,-1.0810457307735768,-0.45501653050486207,0.4280972046314136,-0.489706410514931,0,FP
-0.21711384066424208,-0.4565757311067774,0.04879418407977648,-0.9206165620250671,-1.1213752044939513,-0.42628705766038477,0.8402418081827898,0.08397829875904539,1,FN
-0.23371989295272078,0.13335793750404595,0.06233800304882975,-0.9637116709978423,-1.1071381823362845,-0.5103859831292598,0.6829271720436434,-0.0960303997070368,1,FN
-0.40657380086461264,-0.6363918588385171,0.20623057517710802,-0.8163923861372807,-0.17817686135387084,1.2210720939899753,-0.36886999417781485,-1.00512602764063,0,FP
-0.6449598572702944,-0.4075958814066817,0.25855022866716354,-0.7856711997375146,-1.1317246265360807,-0.5294553339378878,1.0263201566202165,0.48005227829421676,1,FN
-0.32917038358608386,-0.5829605019946797,0.09501401380892532,-0.8774618036622754,-0.2613487395159249,1.1829242361485242,-0.3218757567964226,-1.0020561536627315,1,FN
-0.3417278528786111,-0.4471180919049286,0.13394763738811138,-0.8703731212279324,-0.198805658538256,1.074220659764691,-0.3567283572636323,-1.0002925157917602,1,FN
-0.2584231112331023,-0.6413988576616947,0.04363070598671144,-0.9024515867419822,-1.1992935689458872,-1.164384837803493,3.00927883402681,9.89464547847706,1,FN
-0.3597749262334454,-0.43158418648839203,0.17314476784031946,-0.8737070991712552,0.5686101151171262,0.7863164572280669,-0.6865308877925295,-0.9208178010559955,1,FN
-0.617237356755644,-0.7619640576633279,0.2739229230402506,-0.6950349256593308,-0.06731896562041154,1.5254915096806376,-0.38653988072183637,-1.0116529082220804,0,FP
-0.6748781994098676,-0.5645758964022318,0.30489455871796,-0.712218841859193,-0.5602474031222436,0.3871727636629745,-0.204809486552679,-0.9325299867938869,0,FP
-0.6205997392438071,-0.49427873406816797,0.30028831089016667,-0.721205684408407,-0.9133710842105768,0.44330569938762265,0.20363636442874786,-0.7636655431885215,0,FP
-0.1356618403897619,-0.83112560899533,0.02766690538710985,-0.8659094895777069,-1.1832528403626463,-0.864463852231641,1.9556962835320775,3.107640747924888,1,FN
-0.32601386125025733,-0.18261340272706217,0.09513355624575763,-0.9288578602223514,0.42275506276408864,1.155867401999098,-0.5837891575800851,-0.9736981441109361,1,FN
-0.5822411308584369,-0.7645102174436542,0.34153422677598066,-0.5956757788124636,0.6248052009774022,0.2521338600755146,-0.6948933119130674,-0.9237021624604869,0,FP
-0.35490290262814794,-0.556437863643128,0.15298907100269454,-0.8496107572931789,-0.6377980215697557,1.0124877165043673,-0.08049684598028672,-0.9434007120374055,0,FP
-0.1298291360735607,-0.7367688141349797,-0.0040322777862541416,-0.900953591664442,-1.2006682383715361,-1.0677638944247367,2.9349977821280433,7.502158006344952,1,FN
-0.2506004254443148,-0.5039300597017119,0.1566037916925385,-0.8711998041676708,-0.674686443794766,1.0387215481212355,-0.04875080571182939,-0.9326885114816189,0,FP
-0.2820284087010224,-0.39047558957542267,0.13851926258954989,-0.8974001815470561,0.37763613493522497,0.5934181798733381,-0.6663448092363692,-0.9260019867486043,1,FN
-0.26528511631098606,-0.30154404923850303,0.13884179074165337,-0.8954726916166831,0.3674180508198865,0.8014109854344134,-0.6046366978424363,-0.9453914725531268,1,FN
-0.339257531050573,-0.4545937965692961,0.07869420954763799,-0.9277605761815448,0.436081475390952,1.197269471868892,-0.6274141899504988,-0.9641023657195179,1,FN
-0.26638303712344746,-0.6127810381516009,0.15185736329102972,-0.8421765674743057,-0.7689169683889282,0.489600742973444,0.015381053458113459,-0.8696151555426739,0,FP
-0.15254237288135594,-0.7218359739517741,0.08215656912859393,-0.8720751957948251,-0.6299440185449069,0.6509698399984163,-0.14585488344599654,-0.9549083408367313,1,FN
-0.0911274274342963,-0.5767953422092796,0.027544211866911514,-0.9240541868736203,-0.5875131393781841,1.010668364421752,-0.08268348520406728,-0.9297378493856315,1,FN
-0.15165031222123104,-0.5828905847693183,0.08702534241677207,-0.8969942688897259,-0.5099887883819886,1.0248999397926044,-0.1895046734787507,-0.9771103648548053,1,FN
-0.19385164345021616,-0.7575940040311194,0.022434196846515382,-0.8837396399495329,-1.2109388577141396,-1.2357445358913728,5.146433444155575,24.3598597520926,1,FN
-0.24181705894462363,-0.5932846131771039,0.11230161236148496,-0.8597484686666275,-0.17857087479913913,1.4024184492553409,-0.3158225989968784,-1.0045220900716143,1,FN
-0.3087902285047691,-0.6169753062522552,0.20118586239125724,-0.7912078965579685,-0.3178415238210148,0.8616309205685798,-0.3178080131426525,-0.982599787129824,0,FP
-0.28820421327111784,-0.572084842431921,0.1887022322894517,-0.8388790088367506,-1.2105098207665745,-1.1549815642107644,4.816909507488954,18.00685075881656,1,FN
-0.0958622109380361,-0.42980483685803555,0.05779008791686771,-0.9153053286618652,0.3506593425287271,1.273581017302827,-0.5975102995348885,-0.9763464943901515,1,FN
-0.5763398064914568,0.4261160372622356,0.16237545748910426,-0.925899440021028,0.7534374844637547,0.33051986723845456,-0.8593785956914884,-0.823995301478407,0,FP
