Testing J48 completed in 38152192 (ns) or 0.038152192 (s)
J48 Performance:

TP:	849.0
TN:	16239.0
FP:	20.0
FN:	790.0
Accuracy:	95.47435467650017
Precision:	97.69850402761794
Recall:	51.79987797437462
Specificity:	99.87699120487115
NPV:	95.36085501203829	(Negative Predictive Value)
MCC:	0.693470714810422	(Matthews Correlation Coefficient)
F-Score:	0.6770334928229665
Kappa:	0.655149446942909
G-Mean:	0.7192785244159603

Missclassified instances:
99.3671875,41.57220208,1.547196967,4.154106043,27.55518395,61.71901588,2.20880796,3.662680136,1,FN
120.5546875,45.54990543,0.282923998,0.419908714,1.358695652,13.07903424,13.31214143,212.5970294,1,FN
23.625,29.94865398,5.688038235,35.98717152,146.5685619,82.39462399,-0.274901598,-1.121848281,1,FN
94.5859375,35.77982308,1.187308683,3.68746932,6.071070234,29.76039993,5.318766827,28.69804799,1,FN
123.46875,45.47508547,0.345780685,0.647414924,32.91973244,65.09419657,1.605538349,0.871363737,1,FN
110.1953125,54.47549027,0.489785147,-0.031921393,19.28010033,56.00214376,2.875491226,6.861891535,1,FN
88.4375,37.81177685,0.689215581,2.035293755,2.415551839,18.02795281,8.828613361,86.79989428,1,FN
99.2890625,47.39134816,0.702001099,1.042189754,1.627090301,14.68008008,10.99141172,139.5509004,1,FN
105.5,41.84177787,0.41714868,0.860092995,2.08277592,19.14167399,10.14673318,107.6216551,1,FN
65.2265625,35.69690437,2.291890704,10.11847881,15.51505017,48.87242564,3.185366727,9.164035552,1,FN
41.2109375,31.94664799,3.887521273,19.89781024,88.33361204,78.91144803,0.588461918,-0.807271674,1,FN
8.2265625,32.5579327,5.896484313,35.28723836,184.5259197,62.91485857,-1.019263452,0.176960674,1,FN
100.2578125,47.57021884,0.479196448,0.876418897,5.2090301,31.04856136,6.075504187,36.24292221,1,FN
14.90625,29.39053778,7.210660828,53.02646526,124.2617057,75.63747526,-0.119869958,-0.972970887,1,FN
40.7890625,30.65678258,5.113481058,32.75232488,55.21237458,78.39269585,1.161472115,0.003675747,1,FN
11.9765625,29.57761634,7.550921894,56.53774698,128.0200669,73.431466,-0.124471665,-0.899232451,1,FN
99.8359375,39.32432798,0.585856718,1.208628068,2.169732441,15.91723326,9.750990636,112.6339385,1,FN
19.9609375,34.09646296,5.504910883,31.0998767,125.264214,82.36350068,-0.141533847,-1.150789277,1,FN
11.21875,30.97351124,5.992364991,37.86874123,97.44565217,76.52752946,0.191543281,-1.020215434,1,FN
105.046875,47.0855039,0.408034355,0.331754041,3.5409699,26.12980513,7.5785166,57.36771316,1,FN
95.9921875,37.4565365,0.464600541,2.155718727,0.95819398,12.08525698,15.61924689,274.3190807,1,FN
80.640625,56.30882124,1.481006321,1.95213608,27.80769231,63.85544771,2.179749782,3.354892112,1,FN
84.7421875,40.00727397,1.368956989,3.812073222,5.736622074,32.04731081,5.9796027,36.14797519,1,FN
91.828125,34.11174408,1.446682068,5.265288542,3.741638796,25.31736958,7.23510061,53.58207362,1,FN
73.6015625,37.38928236,1.97830008,7.076542863,5.881270903,30.21748287,5.758598016,33.90977932,1,FN
22.515625,30.84132383,5.701812939,34.57422517,74.82692308,71.16992463,0.803085933,-0.138984649,1,FN
97.09375,48.40542285,0.649224503,0.491307218,5.063545151,28.42815227,5.979687067,36.30006742,1,FN
12.203125,31.2170725,5.926254772,36.8500351,98.86789298,77.91638134,0.156919399,-1.081045933,1,FN
80.140625,34.42626504,1.697879018,6.213363906,7.822742475,38.34193567,5.048003598,24.8022771,1,FN
80.5234375,54.07618538,1.390950312,1.282291873,66.31187291,77.54995516,0.870147339,-0.478375944,1,FN
109.328125,47.41853365,0.27417972,0.293364656,5.330267559,29.46213125,5.969767333,36.44341953,1,FN
23.984375,30.68615943,5.452668529,32.17644209,88.47073579,65.77738106,0.623538239,0.044306412,1,FN
55.1875,35.72677349,2.206251292,8.562220145,32.5083612,59.49815851,1.812744178,2.443437229,1,FN
74.25,40.62653843,1.581929463,3.703968084,10.81939799,41.9128634,4.136097276,16.55925567,1,FN
58.4375,47.26963051,2.148539156,4.683292326,55.52006689,74.83821189,1.13811631,-0.027805804,1,FN
101.4765625,38.995786,1.39314485,3.911421156,16.89464883,51.28790079,3.212310711,9.556100388,1,FN
90.0703125,46.31316356,1.409969609,3.038750015,3.030936455,17.28687362,8.303035615,82.62758841,1,FN
120.890625,51.21236947,0.486548415,0.016001829,22.35284281,58.23467043,2.474523562,4.683489786,1,FN
83.359375,34.93760831,0.770642411,3.047239246,1.439799331,15.81722172,12.08712904,152.9470044,1,FN
78.265625,42.30848105,1.573735534,3.974569639,8.524247492,34.89387035,4.646499866,22.48076807,1,FN
78.0546875,44.6946775,1.555123382,3.749351741,137.4874582,83.12858644,-0.625662006,-0.92402117,1,FN
92.46875,37.78949455,0.647792775,2.055608449,0.864548495,11.98340745,15.35544717,256.4241567,1,FN
37.25,30.95132267,4.43751256,25.24357093,73.23494983,82.84329093,0.864999317,-0.616193394,1,FN
68.1015625,34.94836366,2.10780892,8.442367704,5.709866221,31.01071025,5.862879274,34.59967467,1,FN
35.6171875,33.15237574,5.168639905,29.04602353,58.40635452,69.24761995,1.093188772,0.323029453,1,FN
92.7734375,47.72188551,1.001202445,1.361122525,43.40050167,74.42784636,1.405874814,0.430680187,1,FN
74.515625,34.35408099,1.863238661,7.586409245,5.974916388,31.30726522,5.486881071,29.91894199,1,FN
105.6171875,51.66359349,0.417958841,-0.054699271,24.22240803,59.99097507,2.304263788,3.768413009,1,FN
94.28125,51.19813496,1.184976477,1.473597043,2.756688963,17.59266428,9.543768817,106.0679885,1,FN
28.546875,29.13139934,5.42187427,34.24317552,56.29598662,85.12440837,1.22915925,-0.059996465,1,FN
101.3359375,49.19576286,0.588679004,0.572627591,4.85451505,26.99019216,6.453153284,44.42716152,1,FN
116.2265625,42.48588274,0.273692976,1.259573808,5.403846154,28.59040614,5.787260303,34.78619146,1,FN
104.171875,42.57256844,0.444380821,1.250158008,3.418896321,21.03606421,7.396831389,60.68193763,1,FN
85.828125,44.74792407,1.272535838,2.621678054,23.97742475,53.2413762,2.202864227,3.894429578,1,FN
127.5859375,46.18873093,0.034216034,-0.221619632,2.611204013,19.81288325,8.920285204,86.84669138,1,FN
107.515625,49.00908468,0.543042813,0.564612713,17.27508361,51.83933323,2.926019923,7.232496915,1,FN
76.0546875,60.41294209,1.432916528,0.936654202,12.50250836,42.66156574,3.993994981,15.72042199,1,FN
83.1484375,38.29451859,1.522564529,4.05683926,6.010033445,30.57768602,5.726569838,34.05263772,1,FN
90.3671875,36.78566957,1.553546259,5.185332343,5.619565217,30.87884814,5.991010293,36.56053633,1,FN
34.0234375,32.87629865,4.981060087,28.37821898,65.14966555,78.47505733,1.09021515,-0.095110795,1,FN
105.625,44.58296339,0.312617135,0.470928338,5.420568562,30.00422844,6.011428797,36.84324089,1,FN
99.8515625,40.63943779,0.48934237,1.148864259,4.045150502,20.28129033,5.924678426,40.87828704,1,FN
112.390625,55.33043274,0.57493878,-0.10730539,18.93143813,55.76389832,2.850478752,6.673444959,1,FN
79.6953125,37.48928151,1.698401977,5.235228951,41.64214047,73.36736284,1.399719585,0.314248849,1,FN
87.703125,46.23063097,1.302489632,2.084023559,20.15133779,53.70627729,2.744228196,6.484419395,1,FN
99.0390625,39.98562287,0.6695787,2.276886361,0.964882943,9.944516862,17.04873084,376.808602,1,FN
78.6796875,35.80261286,1.339544781,4.643499047,8.302675585,35.42598426,4.442891013,19.22693734,1,FN
19.8359375,28.73689303,6.0567723,40.80816128,60.21655518,75.93126905,1.1380628,0.132015156,1,FN
108.9765625,51.86573183,0.474522397,0.084257415,11.39632107,40.24307564,3.549170878,11.61125301,1,FN
78.6796875,59.98905285,1.390636674,1.054357025,93.32608696,71.53114499,0.6668311,-0.807668128,1,FN
61.671875,36.37545304,2.265220701,8.709980861,5.593645485,29.62396029,6.072215931,38.23599074,1,FN
8.1015625,31.35154498,6.091617155,38.48028348,92.85618729,54.66816332,0.968097795,0.696454218,1,FN
95.3671875,50.26832239,1.110711588,1.167954551,144.7065217,76.99977191,-0.397906063,-0.953013285,1,FN
101.109375,44.96478385,0.46684233,0.650444999,4.303511706,22.90227211,5.918597012,38.15288961,1,FN
98.359375,51.19062634,1.057577732,0.759414072,134.5827759,94.92465242,-0.481317363,-1.497141153,1,FN
91.5859375,45.86929926,0.540792016,0.914437269,3.393812709,25.49374496,7.937384726,63.53235477,1,FN
11.140625,25.69524955,8.069522046,68.10162173,75.83277592,70.8948215,0.781355646,-0.152781378,1,FN
98.78125,38.664409,0.456107149,1.281347149,3.024247492,19.36025946,8.476797654,81.43262624,1,FN
98.0,39.81362832,0.446004758,1.242162603,1.126254181,14.85571452,14.21557494,208.6010393,1,FN
64.546875,36.35842822,1.723098235,6.096537099,28.9632107,65.77313791,2.170907045,3.267392909,1,FN
107.796875,41.56270853,0.510415259,1.672603023,1.910535117,17.34095012,10.50891351,120.4432366,1,FN
71.984375,79.08440748,1.086364722,-0.5356664,176.0150502,60.6623401,-1.081765182,0.377426241,1,FN
8.109375,33.7090572,6.172109061,39.09460495,111.3520067,72.14791573,0.204405534,-1.189458162,1,FN
14.4609375,29.38773722,6.296725041,42.02539536,57.38210702,68.2628599,1.042517402,0.23163624,1,FN
13.796875,31.31701798,6.099613976,38.47727791,68.7541806,68.01215788,0.721158338,-0.354039516,1,FN
15.4609375,29.64659085,6.24443227,41.00497636,57.35785953,70.27851209,1.038219736,0.122544329,1,FN
6.4140625,30.92014092,6.187429415,40.10131647,121.367893,61.4164204,0.295248594,-1.027613812,1,FN
11.6328125,30.55166503,6.255561501,40.839036,55.10284281,69.24592855,1.000682016,0.007548225,1,FN
80.9609375,35.17332138,2.183944861,8.837161121,12.57608696,41.9203345,3.752025145,13.96083946,1,FN
8.375,33.25187965,6.143548189,38.72489612,113.8687291,66.35820746,0.254297556,-1.026766473,1,FN
68.8984375,35.40057376,2.0868649,8.762020548,2.352842809,19.72056251,9.892058464,103.6705375,1,FN
84.515625,38.75725424,1.108953491,3.364441065,16.84698997,48.21089227,2.882236481,7.399262069,1,FN
89.3359375,42.77087892,1.203622763,2.942802735,7.311036789,33.7223601,5.172775286,27.67197695,1,FN
83.3671875,41.44157617,1.303898142,3.445580775,18.9180602,50.06415591,2.844080254,7.429223204,1,FN
91.734375,47.21584155,0.60527486,0.604172242,9.842809365,40.3842585,4.088567357,15.46865301,1,FN
50.1953125,30.43103335,3.255718842,18.66181053,78.26003344,87.39220847,0.63143776,-1.0884909,1,FN
110.1171875,46.97532948,0.54111912,0.325996711,36.8319398,69.23188956,1.574852844,0.879544242,1,FN
22.796875,31.00790206,5.885265052,36.11819086,116.5961538,57.22812665,0.741588543,0.225858994,1,FN
106.96875,38.99337634,0.728802481,1.775847698,8.891304348,35.67389776,4.046214291,15.59446631,1,FN
78.375,44.91554575,1.571888685,3.038829789,16.47575251,49.78178382,3.229605592,9.804832999,1,FN
78.8671875,36.85748972,1.02852671,4.438575083,6.534280936,33.06469278,5.246505462,27.10893309,1,FN
93.9921875,41.04275516,1.10949742,3.641769711,2.714882943,22.02404006,8.988497651,84.35510899,1,FN
86.359375,35.97432556,1.187733794,3.899848035,3.669732441,25.13569435,7.760264241,62.73552247,1,FN
92.3125,43.56438303,0.679336454,1.622829725,15.22742475,43.24566346,3.011589144,8.750022228,1,FN
102.796875,37.5346422,0.382097319,1.3556516,2.706521739,19.87410184,7.955209532,67.64902246,1,FN
97.78125,52.60479682,0.592962349,0.224945217,1.691471572,11.86776194,12.00628519,199.2081619,1,FN
29.3828125,30.9240807,4.950562272,29.03620102,47.93478261,76.42785148,1.427907483,0.681617674,1,FN
16.5234375,32.93102755,5.621086451,32.82642694,94.19481605,71.69499224,0.55342957,-0.41287012,1,FN
72.7421875,34.7300406,2.048370952,8.714217534,4.142140468,25.96337522,6.859046095,48.94787763,1,FN
70.7421875,44.61278651,1.474642847,2.703270007,139.0451505,84.47013465,-0.821681651,-0.956543281,1,FN
29.703125,29.21214414,6.119241605,41.79063912,75.10785953,73.68750731,0.816274144,-0.277134963,1,FN
17.5,32.71276509,5.727785457,33.62661951,98.8361204,70.27478246,0.603461049,-0.497938612,1,FN
40.3984375,33.74845826,3.933902554,19.29466964,96.34949833,76.57678022,0.558778802,-0.717263639,1,FN
114.34375,55.57770988,0.115901066,-0.428059593,2.498327759,15.68969041,9.313520095,105.6674433,1,FN
55.3359375,30.24826373,3.465647217,17.60217583,64.85953177,82.16119445,0.921124947,-0.550780603,1,FN
11.03125,31.47045676,5.994345191,36.69314003,155.5434783,69.40382014,-0.467133441,-0.805835416,1,FN
47.3046875,32.13777922,3.53345021,16.53491275,129.333612,79.08179103,-0.399639203,-1.034550242,1,FN
77.8671875,57.32205769,1.625574558,1.783832555,108.2583612,92.76053054,-0.07153223,-1.630271779,1,FN
101.078125,48.58748704,1.011427043,1.151869868,81.88795987,81.46413633,0.48510512,-1.117904163,1,FN
10.984375,29.47191045,6.330570288,43.08600693,92.37876254,57.57735396,1.07537358,0.63000038,1,FN
105.3671875,44.84415219,0.406818295,0.274223887,6.287625418,33.41443244,5.533563572,30.05607098,1,FN
111.1953125,44.15297601,0.434318777,0.209941692,2.652173913,21.99934068,9.199513421,88.17385086,1,FN
87.6875,48.11099634,0.795583022,0.707279599,60.54347826,83.01059055,0.989217856,-0.533603355,1,FN
99.0078125,50.72158935,0.614298003,0.422990069,2.214882943,17.54296625,10.48416235,124.7909464,1,FN
26.578125,31.82363739,5.502086902,31.52984285,134.798495,72.05558309,0.029296678,-1.211265258,1,FN
9.046875,32.25626378,5.853990983,35.55460905,106.0869565,62.63553169,0.582263293,-0.475073707,1,FN
92.265625,35.87466994,1.594314915,5.566536879,14.13545151,46.20425114,3.414493912,10.65625321,1,FN
23.7421875,34.00120542,5.345395214,29.66674991,80.71070234,71.63100998,0.917680666,-0.147970458,1,FN
86.8203125,49.02700684,0.946273471,1.208269737,3.054347826,19.57793506,9.13664447,96.28819525,1,FN
117.3515625,47.6008124,0.163797949,-0.173308776,3.364548495,17.78139874,6.934597287,59.90677275,1,FN
14.3125,33.18596983,5.64048639,32.77846676,151.7366221,72.67116823,-0.394167716,-0.995302918,1,FN
89.75,38.28205356,1.444485642,4.454507616,16.37959866,50.97981158,3.02987136,7.792147776,1,FN
21.3984375,29.04988701,6.001279885,39.37420348,115.9130435,91.08990265,0.1393163,-1.493106877,1,FN
119.9296875,55.432699,0.286052109,-0.362257295,15.30183946,49.58820421,3.182964402,8.851834229,1,FN
84.3359375,42.10260483,0.859224743,1.982141691,11.53344482,43.87085469,3.969981663,14.9778981,1,FN
13.0234375,30.32260523,7.400253989,54.56866378,112.9916388,69.89693749,0.244507229,-0.657516962,1,FN
10.6875,33.90237593,5.473132541,31.12910769,157.9673913,64.39476214,-0.336183118,-0.8685526,1,FN
82.328125,33.7622916,1.403836161,5.352269655,2.086120401,18.42289658,9.510244416,94.88604956,1,FN
77.921875,56.83495972,1.464574632,1.409660357,37.22324415,69.76036019,1.729314585,1.678063525,1,FN
100.921875,46.20142878,0.685814307,0.923027231,16.70234114,50.16184536,3.121537703,8.878925279,1,FN
96.421875,55.19392083,0.868188928,0.366462663,11.26755853,41.40551541,3.680401252,12.492984,1,FN
80.3515625,39.74480899,1.16691178,3.235126505,4.260869565,26.66195868,6.629370536,44.88527139,1,FN
85.578125,45.34461954,1.5705241,3.205262034,1.83277592,14.83472366,12.66582563,180.0859761,1,FN
113.6484375,44.83417186,0.264485581,-0.036584976,19.98244147,57.81442049,2.700784068,5.673973888,1,FN
75.953125,43.1075797,1.142332703,3.007318929,5.222408027,24.38005311,5.239661044,29.71430512,1,FN
90.65625,56.95494896,1.002409008,-0.008164541,10.04264214,41.88905582,4.451665136,19.11656877,1,FN
95.3828125,49.74200958,0.553215631,0.345959466,21.2048495,57.57489533,2.585874536,5.19176814,1,FN
112.296875,47.98345408,0.315582123,0.168599411,0.962374582,11.46206871,15.15210742,269.7334431,1,FN
130.34375,55.89141782,0.157463412,-0.611238169,11.05016722,46.58789828,4.255934085,16.81773008,1,FN
80.234375,51.93136762,1.488528618,2.243387011,34.07943144,74.88920163,1.973815641,2.260696163,1,FN
89.921875,43.14141162,0.76791154,1.59853819,1.429765886,16.22080862,12.62556139,168.144427,1,FN
85.3984375,44.20271836,1.34845305,3.693909489,11.95401338,44.68897037,3.864755838,14.07733523,1,FN
100.65625,45.96422479,0.350437357,0.282473689,10.30518395,38.96584998,3.937302238,15.00113908,1,FN
100.0859375,40.11663218,0.550702236,1.469776022,2.553511706,20.50645496,8.760870096,80.3727066,1,FN
91.4609375,45.06885398,0.929146803,1.648438594,4.748327759,28.60209149,6.564422662,44.24768486,1,FN
114.5859375,59.537085,0.346220816,-0.705472728,3.777591973,26.55616311,7.74997845,60.45059899,1,FN
71.9375,38.1859656,1.911070577,5.521995558,14.90719064,45.99168074,3.295937555,10.25347973,1,FN
77.0859375,43.39193246,1.620462497,4.146347512,10.59615385,43.98006106,4.322443603,17.86023468,1,FN
32.34375,27.61239461,5.466081293,36.44800254,52.37876254,72.14779181,1.300906485,0.598414701,1,FN
97.4765625,39.20597946,1.126580137,2.658354947,4.901337793,28.06690463,6.428449456,42.9895902,1,FN
76.0546875,48.4383159,1.556953438,2.913279964,15.24414716,44.70096395,3.087893349,8.995598149,1,FN
76.0390625,39.01390024,1.434969928,4.490879432,8.325250836,39.12464514,4.763161186,21.51571145,1,FN
114.1484375,54.87216534,0.533445955,-5.84738E-4,9.346153846,38.22321228,4.240435218,17.5764899,1,FN
73.4765625,46.71321495,1.850355445,4.574529137,7.286789298,37.19435791,5.099236357,24.67882618,0,FP
81.2265625,41.57940725,1.321745334,3.414827074,3.391304348,24.44423846,7.773896684,62.38864946,1,FN
91.1640625,47.70691403,1.185745396,1.649616672,13.96822742,45.34578032,3.324040394,10.19778543,1,FN
7.84375,33.32567458,5.932129649,35.95996558,87.61371237,59.29353836,0.950108382,0.276732612,1,FN
56.4453125,30.81923319,2.494925781,13.44273029,5.030100334,29.73690258,6.222109338,38.8527305,1,FN
94.7734375,48.13948075,0.560923105,0.438904455,12.72826087,46.58635206,3.735397049,12.95735422,1,FN
81.6171875,43.77911908,0.883339918,1.759305663,6.045150502,29.85482659,5.589563407,33.18246438,1,FN
80.8828125,42.14328629,1.431001837,3.991394903,4.910535117,29.8399497,6.65196158,44.66089517,1,FN
81.0,47.75359934,1.545844067,3.064840006,21.17140468,53.31629183,2.920963042,8.090377829,1,FN
69.34375,34.9498385,1.52739993,6.204588064,8.514214047,36.16922737,4.5181213,20.17417263,1,FN
80.625,43.7539284,1.686092729,3.699361575,80.40133779,80.4149011,0.54676193,-0.871083937,1,FN
106.046875,45.70589735,0.664885875,0.946468533,20.75334448,51.12598575,2.443580289,4.883848871,1,FN
66.2578125,46.28972046,1.627878491,3.697592132,7.274247492,33.4068871,5.177427247,27.83718927,1,FN
88.5078125,45.57600042,1.200520328,2.683833167,7.737458194,36.24080511,4.826975833,22.50866141,1,FN
83.1640625,38.85907579,0.837233809,1.988988286,2.929765886,17.79063722,7.750975122,71.9449268,1,FN
82.21875,43.69799364,1.63917658,3.889400357,14.29598662,49.78162363,3.583205806,11.65152623,1,FN
112.4296875,35.53248593,0.290976003,1.689669757,2.470735786,18.13536005,9.841046265,109.7220446,1,FN
6.9375,33.50670409,5.797935319,34.35071294,122.430602,57.29073626,0.686234836,-0.516564424,1,FN
83.609375,40.79430766,1.365320986,3.948257889,7.52173913,35.0621812,4.950769253,24.19595567,1,FN
84.40625,51.84659426,1.26590011,1.534487234,23.59866221,61.88144992,2.492788249,4.709442491,1,FN
83.0234375,55.80385079,0.931031235,0.419404734,26.30434783,68.48190944,2.355388486,3.794600271,1,FN
53.4375,56.47728387,2.046848806,3.261056337,106.2483278,61.59755326,0.73220434,-0.489357218,1,FN
90.7890625,35.81498734,1.782977038,6.570318095,7.310200669,33.49649205,5.158216099,27.06148552,1,FN
96.2109375,47.56010216,0.583217577,0.296429672,17.97826087,57.40501413,3.077298249,7.91641485,1,FN
126.4921875,45.31331828,0.22249809,0.227562421,18.32190635,53.42674685,2.710916733,5.737731513,1,FN
11.0390625,31.05348268,7.377865378,54.20498149,117.8377926,69.81577844,-6.68155E-4,-0.606891086,1,FN
19.75,28.83221939,6.899093412,50.20681093,84.64214047,74.34011168,0.666799001,-0.499700563,1,FN
91.2265625,55.54210324,0.968755097,0.771035522,35.8235786,69.81180971,1.833787993,2.043154924,1,FN
97.78125,48.41518639,0.764503375,0.956568717,4.953177258,28.24358598,6.096649805,37.7713555,1,FN
112.453125,45.71222132,0.175363577,0.126241155,3.443143813,21.49183429,7.083732514,54.3650339,1,FN
111.3515625,58.11432561,0.39691721,-0.499100853,12.18729097,46.76394188,3.849739332,13.64634383,1,FN
95.171875,42.95730245,0.879437314,1.848678762,2.558528428,16.14987557,9.463292112,113.1898563,1,FN
109.5,57.24658833,0.787332702,-0.390467131,9.265886288,39.98314285,4.531931515,19.86216447,1,FN
112.8046875,45.75479118,0.540709323,0.746627981,3.154682274,19.84194199,8.779148093,87.6761485,1,FN
92.671875,42.18858506,1.167883045,2.922436433,11.81354515,42.10203624,3.899759477,14.78652848,1,FN
103.75,44.65300242,0.939749262,1.422741582,26.52257525,61.73611708,2.107288905,2.887287436,1,FN
58.640625,55.96884378,2.125335015,3.888684256,67.66304348,79.51911913,0.855014716,-0.579443114,1,FN
51.1796875,33.578135,3.540392619,18.44180873,47.2867893,72.85860815,1.386723455,0.620479802,1,FN
70.2421875,62.11591308,1.467380578,1.379962883,80.69816054,75.42230069,0.516624722,-0.891577062,1,FN
61.6484375,38.06051716,1.617625392,5.240351492,2.31187291,19.37611085,9.25488097,92.01099426,1,FN
75.734375,34.44594596,1.974610962,8.210833977,12.33277592,36.37485482,3.623148117,14.51918499,1,FN
93.4140625,42.76306952,1.223184514,2.269114346,4.013377926,25.74157306,7.120837821,52.56244587,1,FN
92.953125,35.13764438,1.286211071,4.99227648,8.152173913,36.17957701,4.672915319,21.75470897,1,FN
70.4921875,36.51241144,2.256866729,9.635625503,9.362876254,36.22604746,4.823065408,24.72999447,1,FN
9.9765625,32.25859015,5.859133735,35.45942226,68.93478261,65.17461055,0.742921419,-0.089009483,1,FN
32.1328125,63.60171125,2.191145781,3.424513625,77.74498328,66.68108608,0.942460671,-0.058914231,1,FN
110.921875,47.46637122,0.84647815,1.01997225,42.50585284,73.42903747,1.421850573,0.496020255,1,FN
92.7109375,50.13141361,1.128727696,1.43453526,11.52090301,39.2643949,3.568839975,12.3431203,1,FN
65.3984375,46.69203289,2.241093368,5.810580891,87.96571906,72.43958153,0.509195807,-0.651626359,1,FN
79.234375,38.28480532,1.350382989,4.100627804,9.533444816,39.5055102,4.431321979,19.24790531,1,FN
60.71875,37.98003947,2.314699831,8.663949457,17.06856187,48.22508869,3.301562763,10.74474943,1,FN
18.421875,31.73242855,5.734184572,34.56811951,69.44230769,69.64844244,0.821274273,-0.059284769,1,FN
68.359375,31.90849573,2.165211405,9.422734163,11.73662207,41.62216612,4.044943826,16.25307424,1,FN
108.515625,44.31756571,0.195451718,0.708589752,1.726588629,12.75586279,11.71487066,177.5193438,1,FN
21.15625,32.83991414,5.038659359,27.73543276,99.29598662,77.89049438,0.178098694,-1.004648753,1,FN
80.109375,42.64538266,1.615938765,3.838795067,34.99247492,70.96222871,1.825811098,1.856704432,1,FN
71.8359375,41.58458574,1.36749263,3.81361683,2.822742475,21.74414967,8.886982961,83.68346619,1,FN
91.8359375,42.76147093,0.981031627,2.209713446,6.798494983,34.33603903,5.359597043,28.41143361,1,FN
27.625,30.66018387,6.270232875,42.85890151,64.72575251,66.06538799,1.205214894,0.745529302,1,FN
87.3984375,44.42872449,1.118027124,1.945320906,19.08946488,52.50629384,2.921471061,7.584978339,1,FN
66.7734375,58.20628924,1.838734065,2.41493918,73.64381271,80.67349376,0.649639086,-0.918078374,1,FN
101.9609375,48.2468267,0.379708386,0.134922913,5.528428094,30.57585602,5.848119957,34.41567255,1,FN
64.2734375,52.7019501,1.816040308,2.628986771,64.56521739,81.38336707,0.895259543,-0.633357674,1,FN
122.5546875,48.84155003,0.56920814,0.360577563,2.463210702,16.81940722,8.635195958,86.11241014,1,FN
78.0390625,36.6683622,1.495679865,4.648232557,2.382943144,20.39092468,9.493185218,94.47134361,1,FN
24.2109375,28.9767289,5.72382902,37.23975995,87.5735786,71.44373868,0.791076439,-0.186095272,1,FN
91.5625,40.51518812,1.223065542,3.486076514,6.498327759,32.41362327,5.559204264,31.57352327,1,FN
100.46875,42.90249437,0.985195048,1.721841813,8.109531773,38.72167917,4.953480507,23.77018198,1,FN
101.953125,50.86392069,0.466244878,0.006461593,7.671404682,38.43136459,5.150861606,25.57730866,1,FN
74.1171875,51.94763305,1.738493959,2.645528543,9.326923077,35.35424141,4.593520548,21.91707398,1,FN
61.0703125,52.7226208,1.908949655,3.442102757,16.66555184,50.41876659,3.078327672,8.30819942,0,FP
120.203125,44.32820761,0.570941626,0.787799004,6.030936455,29.19459357,5.6190812,33.22576152,1,FN
65.5390625,33.70758964,2.10205517,9.023274646,6.836120401,34.04799239,5.25579593,27.14459466,1,FN
92.3828125,46.38748503,1.014035059,2.064575015,8.622909699,37.80690391,4.700433544,21.79049377,1,FN
69.203125,52.62802239,1.751245798,2.749050248,37.23662207,69.41082701,1.658738447,1.334146201,1,FN
105.9296875,45.30403948,0.28049094,0.229686718,3.184782609,21.114637,7.400133294,59.10315317,1,FN
88.5234375,50.73044033,1.165919766,0.944145383,108.0234114,66.29243353,-0.64040431,-0.835324546,1,FN
89.7578125,45.67681067,0.96405992,1.841149022,4.777591973,29.49639794,6.256716043,38.48474417,1,FN
13.9453125,28.42734945,6.874326,49.83630049,132.1555184,81.44223117,-0.271148371,-1.154878257,1,FN
86.9765625,48.25752287,1.664957245,3.479541913,22.90384615,55.94717963,2.621128662,6.138580656,1,FN
77.5703125,40.99536628,1.215544207,2.787567721,29.68561873,69.9744327,2.191309815,3.170994826,1,FN
112.5546875,44.37390995,0.451627185,0.267526672,2.74916388,22.33375501,8.825079972,79.83016539,1,FN
102.859375,40.06629942,1.252549145,3.01651958,7.440635452,36.65760386,5.072662074,24.99234876,1,FN
7.0625,33.6288915,5.835200668,34.93484417,111.8444816,57.00518572,0.813399064,-0.126617647,1,FN
65.578125,33.34727532,2.351981687,9.971397801,6.403846154,31.10990258,5.646217665,33.64550365,1,FN
105.640625,45.53496843,0.830424487,1.232635663,13.36538462,48.41507517,3.619330621,11.8583304,1,FN
69.796875,39.13525412,1.575813416,4.686156925,4.503344482,28.02717546,6.969244435,50.08877144,1,FN
95.4140625,50.22924437,0.740939491,0.713137376,22.29598662,59.24229781,2.547417593,5.058853943,1,FN
64.65625,37.14823295,2.30327916,8.67261914,39.63795987,64.43827409,1.582029261,1.462231647,1,FN
98.828125,44.22847453,1.01242898,1.526599702,16.86204013,51.1758415,3.084054387,8.372713105,1,FN
77.0078125,47.94047352,1.236140289,1.925759578,22.07525084,55.06049597,2.468206375,4.924128865,1,FN
86.0,43.32165307,0.923664996,1.671468215,16.78177258,49.50945015,2.919011219,7.441883916,1,FN
83.1640625,45.66330196,1.448609429,3.001362527,24.69899666,61.10525788,2.35184019,4.160649929,1,FN
114.8515625,44.30347931,0.14242548,0.087649167,3.16722408,22.30752972,7.591025041,59.74558737,1,FN
21.8515625,32.90328865,5.435666216,31.2568822,103.2550167,79.73912954,0.102797576,-1.108933123,1,FN
8.15625,27.12944592,7.856370386,62.86853087,128.3754181,67.90264793,-0.177334824,-0.673350674,1,FN
61.71875,32.30154251,2.266660549,11.18402964,14.74916388,47.31498689,3.201231706,9.087746535,1,FN
71.3984375,47.29517349,1.317459045,2.340411994,17.1145485,46.86283003,3.070346153,9.405187883,1,FN
112.0625,48.14946618,0.331624838,-0.014803418,2.406354515,17.22583887,9.008724198,93.2805985,1,FN
110.296875,53.96358138,0.551669376,0.044974471,32.36287625,63.92381879,1.95999445,2.637734683,1,FN
57.0546875,30.85634776,3.741482086,19.3972126,64.13628763,75.11738186,0.92067286,-0.302759175,1,FN
113.0625,51.45792426,0.500761131,0.04358791,18.06270903,53.97153573,2.910393188,7.087740461,1,FN
70.8828125,41.35547521,1.667338589,4.096050525,3.737458194,24.97697203,7.24159125,54.59931547,1,FN
72.8984375,33.10962847,2.619937523,10.45170371,5.538461538,29.14683205,6.137965398,39.54969006,1,FN
66.6875,48.25093101,1.567932843,2.827568398,26.14966555,57.48025842,2.216428138,3.905750406,1,FN
13.28125,27.46103418,6.878449095,51.71908385,74.5041806,66.06109073,1.133358675,0.410064942,1,FN
86.1015625,46.12056887,1.335441841,2.940783765,6.113712375,32.53460385,5.708073226,32.67639852,1,FN
22.859375,33.00419821,5.198502699,28.10315333,73.95819398,63.18079323,0.997992772,0.525573228,1,FN
35.265625,30.4054591,5.778470134,38.40016863,109.9782609,81.27119963,0.019015878,-1.124362269,1,FN
35.859375,30.01346947,5.331252206,34.29799837,87.69648829,84.46670608,0.473213253,-1.090533639,1,FN
119.671875,39.98966847,0.359964202,0.967106331,2.613712375,15.02961222,8.938616437,104.8855616,1,FN
34.3828125,28.03990491,5.820933509,40.23854564,52.80518395,74.92169607,1.308382574,0.520161698,1,FN
81.0546875,43.2643236,1.336181291,3.28131762,5.079431438,28.2171977,6.167735352,39.38260309,1,FN
8.2265625,30.90489819,7.627580248,57.07049316,149.777592,65.43616742,-0.331612418,-0.497152087,1,FN
34.7734375,29.19766013,6.539958541,46.27395894,62.85033445,78.48118349,1.098217689,-0.035242971,1,FN
67.625,38.4991883,1.718432958,5.631490989,7.795150502,36.43033866,5.034399818,25.2891414,1,FN
48.7265625,29.38290182,4.408512213,26.62998642,111.437291,97.07281986,-0.07671805,-1.715076049,1,FN
73.984375,36.52053882,1.564606015,5.44133577,22.13545151,55.67129143,2.36442332,4.150410047,1,FN
101.0078125,41.5616064,0.247110802,0.527799075,2.153846154,19.59876993,9.595103422,94.06356535,1,FN
132.7265625,52.18966535,0.38494762,-0.302649476,2.991638796,22.14749728,8.2024656,71.18111082,1,FN
127.234375,39.68164019,0.16875212,1.301494351,5.835284281,32.48445153,5.952619614,35.45531705,1,FN
123.4921875,43.92856347,0.599689101,0.807372728,3.821906355,22.88317477,6.702945631,48.02882827,1,FN
91.953125,44.54875478,0.849315069,1.584868649,35.50250836,69.73682607,1.586333182,0.790308618,1,FN
80.3828125,46.30033091,1.638253591,3.074124288,40.30100334,71.85159617,1.54733821,0.97463544,1,FN
102.5,51.58669887,0.750566791,1.008369441,9.025919732,38.06237396,4.638705859,21.56844746,1,FN
82.8203125,33.02495117,1.701452382,7.984340445,19.73578595,51.84946138,2.679094902,6.209272719,1,FN
75.1015625,35.11918098,2.198113989,8.981400545,20.89464883,54.02381432,2.580942125,5.568507205,1,FN
98.359375,42.51594083,1.101357495,2.01541722,13.98913043,48.57136992,3.560790534,11.61026227,1,FN
37.5859375,60.30256101,2.222209937,3.719046054,70.99665552,72.37353164,0.963634078,-0.246372287,1,FN
16.25,30.86867344,6.026511044,37.70232112,123.7115385,93.41866189,0.010348421,-1.5677302,1,FN
63.6953125,31.29735377,2.988502449,15.50930693,86.35367893,93.17431336,0.476516327,-1.40644635,1,FN
6.5,31.52305704,7.124226849,50.96172018,139.4197324,79.1985529,-0.056566566,-1.405542127,1,FN
71.5,54.94741805,1.771012709,2.65133641,33.94899666,65.00634063,1.865206671,2.211822965,1,FN
92.625,49.33099305,1.245449139,1.498713238,55.12458194,81.09780027,1.123216083,-0.246585138,1,FN
84.1875,48.70875659,0.841634777,0.544465299,6.849498328,33.24509808,5.368737399,29.40634735,1,FN
96.890625,61.79631795,0.975022005,0.178443112,32.74665552,71.67957684,2.01051251,2.512631143,1,FN
80.4375,48.13972989,1.606092678,2.362365961,32.72324415,65.51169439,1.854559768,2.127182323,1,FN
100.6484375,45.61551097,0.76468005,1.68014046,6.324414716,30.15531322,5.377667442,30.41432407,1,FN
66.078125,52.10395399,2.257081435,4.738070151,79.29264214,107.4318232,0.640118738,-1.550670386,1,FN
22.046875,31.09633705,5.388688281,31.45966732,105.9832776,74.74201821,0.676139895,-0.831068872,1,FN
89.6796875,40.29887049,1.05700675,1.97204155,12.81020067,42.5175934,3.550624631,12.28484441,1,FN
24.0703125,28.29260714,6.125874086,41.04211532,67.40886288,70.02635114,0.932696412,0.101681022,1,FN
86.1015625,48.07559799,1.41847599,2.924549748,23.45150502,61.99321753,2.591523524,5.33872771,1,FN
28.3984375,30.12093848,5.60150491,34.16865153,85.35367893,72.13412694,0.890621628,-0.255434123,1,FN
121.4765625,41.67845008,0.506407661,0.720947388,9.387959866,40.42028352,4.427581883,18.70914104,1,FN
97.765625,50.08874692,0.54992549,0.056298891,15.50334448,46.96505663,3.109500247,8.689941472,1,FN
52.0,41.98213906,2.247982321,5.826077561,123.4673913,67.9385403,0.356264573,-0.855169937,1,FN
27.8515625,27.66543699,6.197866078,44.145531,75.80016722,69.46730686,0.963370687,0.015395832,1,FN
85.4375,43.2309839,1.218083161,3.110134495,13.99665552,46.64198651,3.399783106,10.5567558,1,FN
112.421875,43.68845839,0.442356339,0.463952655,25.73578595,59.32650507,2.090990129,2.870576444,1,FN
34.9921875,32.7455856,4.132751898,21.93084176,61.6229097,70.08372282,1.108185858,0.344425534,1,FN
21.734375,30.83638384,6.114189192,39.4765072,146.5334448,82.5792194,-0.307349352,-1.334366402,1,FN
28.5,30.89498341,4.85741434,28.12136742,99.57274247,71.98993491,0.588580234,-0.577556703,1,FN
36.859375,30.05508858,5.501739886,35.59935562,85.35953177,69.03638831,0.689293279,-0.202261963,1,FN
38.6015625,30.42006427,4.454485184,24.83556835,74.60535117,74.77609681,0.936863413,-0.187639851,1,FN
28.34375,31.81401949,4.818364841,28.06014478,57.3770903,71.16328516,1.128142114,0.326350843,1,FN
31.8125,33.94751234,5.109232055,28.39143769,76.30100334,74.62417341,0.76994675,-0.412583924,1,FN
100.4453125,45.41644261,0.387883849,0.625927187,1.968227425,15.64849017,10.89582749,141.2183778,1,FN
67.0703125,34.0420658,2.311709149,10.57798028,4.969063545,28.09762388,6.30901557,41.32863565,1,FN
12.28125,31.62276116,6.05719541,37.88951392,64.21153846,71.33698985,0.873337089,-0.18606835,1,FN
13.375,30.81116884,5.990130787,37.607824,71.54347826,65.80815293,0.968716634,0.23007418,1,FN
16.5390625,30.50074342,5.971549921,37.44917217,67.45150502,67.14417042,0.905511422,0.064849717,1,FN
8.75,30.95838941,6.279269335,40.91783735,98.51086957,55.03245363,0.971089811,0.311751619,1,FN
10.265625,30.46526823,6.166521494,39.91290938,63.05685619,68.15125646,0.959817288,0.093260148,1,FN
67.171875,38.3534364,2.213705405,9.130930749,8.37541806,34.43590378,4.81411156,23.64356824,1,FN
61.0234375,34.86703871,2.213494043,8.91126882,60.44230769,75.02874042,0.956489778,-0.456180802,1,FN
12.1171875,28.23800107,7.525027544,57.17523165,123.6220736,68.76162825,0.047998738,-0.562968091,1,FN
6.1796875,28.37098914,7.520589491,57.50455774,174.3461538,58.72705339,-0.730653265,-0.345934684,1,FN
86.3125,47.16704855,0.728503395,1.03163107,24.12040134,58.04411497,2.402478393,4.550779232,1,FN
110.890625,57.58990721,0.269387016,-0.536461058,14.87541806,51.60765315,3.489611469,11.00583174,1,FN
79.7265625,39.23063114,1.363438712,3.964139331,7.923913043,36.50514322,4.989840603,24.55495368,1,FN
109.3203125,51.89260749,0.386717797,0.032412194,1.678093645,12.54567128,12.57411112,204.9312164,1,FN
103.6796875,36.38400524,0.806300387,3.279463576,2.321906355,13.56050069,9.548849097,126.3620126,1,FN
65.171875,35.42820852,1.93486177,7.960342671,3.455685619,23.11471052,7.721696559,62.9557114,1,FN
30.0546875,33.46880744,4.544322404,22.49598839,81.03177258,83.94864647,0.539220246,-1.097402939,1,FN
22.3125,30.5112044,6.01951561,40.22278046,66.96070234,69.38765343,0.969790159,0.087332541,1,FN
137.9296875,52.98027103,-0.094887839,0.131425498,2.370401338,18.10321837,9.198938946,94.39367647,1,FN
71.4765625,36.95287642,1.637756192,5.393193613,13.47993311,46.38506238,3.515557748,11.37696003,1,FN
100.3984375,39.28369172,0.369517807,0.901278265,2.649665552,21.38761187,8.520891954,74.55435958,1,FN
95.515625,54.56088691,1.020319126,0.654600589,61.63712375,79.82574307,0.853404387,-0.756714844,1,FN
38.828125,57.51672439,2.195583345,3.673929465,79.75585284,71.3531698,0.850185387,-0.437195641,1,FN
80.6171875,52.51459932,1.126375165,1.256101247,38.41555184,74.85070129,1.65388229,1.135716924,1,FN
28.2265625,31.27579307,4.948784161,27.52994766,85.21571906,72.5315774,0.536083971,-0.479415846,1,FN
73.5390625,40.74691368,2.112812213,6.641841987,63.80100334,82.60621337,0.928496758,-0.63564034,1,FN
50.8125,31.54132953,3.549122045,19.72484931,6.372909699,30.53548955,5.800805954,35.71707507,1,FN
81.109375,36.79869953,1.512642171,4.522207806,8.422240803,38.71216751,4.747951339,21.65644713,1,FN
60.828125,74.10667031,1.029010972,-0.420055138,146.75,65.58762074,-0.315211897,-1.099970877,1,FN
112.7421875,54.14826955,0.57316435,0.037932282,60.4222408,72.82610759,0.753237674,-0.825749034,1,FN
68.90625,50.1353539,1.940449831,3.891114308,75.96655518,79.82689603,0.694073696,-0.785507585,1,FN
8.4765625,30.65737188,7.60836954,56.88510321,160.0602007,64.27281465,-0.517588654,-0.495718524,1,FN
72.421875,65.80185804,1.281297543,0.322215442,40.99080268,65.26929614,1.594013226,1.329665473,1,FN
117.3984375,69.20907408,0.108450925,-1.139068864,4.023411371,26.49849091,7.266544832,54.36523773,1,FN
88.1796875,44.50341167,1.372594299,2.58476559,8.919732441,38.631419,4.759727192,22.49828411,1,FN
9.7421875,30.26219953,7.088609518,50.95424904,84.11705686,59.36708836,0.901047513,0.556315962,1,FN
73.4296875,35.64510038,1.891876111,8.195140975,5.614548495,31.35826139,6.01544618,36.39483966,1,FN
5.8125,30.63131312,7.152690621,51.59138187,149.0702341,47.63991978,0.237402818,0.127258449,1,FN
110.5390625,52.94246617,0.534283803,0.308641721,7.302675585,34.96133114,4.915369256,23.49618778,1,FN
25.828125,29.67930397,6.793773206,48.16864374,72.12541806,70.63552397,0.988847761,0.136513894,1,FN
49.0,31.46277562,3.50056118,18.93691145,7.443979933,30.92948673,4.988605266,26.94509399,1,FN
95.7578125,52.08957821,0.85997009,0.087778783,48.70317726,79.71055303,1.438187229,0.49149462,1,FN
81.890625,43.73021595,1.331003507,3.066019135,11.89882943,40.50751157,3.792163135,14.48240675,1,FN
99.96875,46.82162586,0.60742581,0.213724664,5.673076923,29.8217555,5.710553506,33.34432509,1,FN
89.3359375,44.80256643,0.771258274,1.143718465,3.89632107,23.76468291,7.015481231,53.4797851,1,FN
95.484375,39.50632552,1.271391671,3.826148519,7.244147157,33.69733856,5.030901897,25.30380968,1,FN
94.21875,42.89010986,1.097078828,2.179897654,5.266722408,29.73309243,6.062392209,37.52970269,1,FN
66.328125,34.32339521,1.868324907,8.293857813,3.232441472,23.99180081,7.844198726,62.8136825,1,FN
81.4921875,41.8940248,1.713023018,4.353030799,11.13377926,42.44552475,4.089118083,16.22271112,1,FN
127.5703125,52.57742559,-0.02729173,-0.395729262,3.480769231,24.7504697,7.434577734,56.24746889,1,FN
89.8359375,45.549214,1.208151489,2.514956561,3.89548495,26.66781181,7.326969664,54.73208775,1,FN
86.3828125,46.73364037,1.373406293,2.470420164,27.23829431,59.92469554,2.167198236,3.4831756,1,FN
10.71875,30.84612453,6.234221114,40.41800566,110.0434783,70.86350898,0.078696343,-0.926748337,1,FN
99.9375,55.62496489,0.928824005,0.360270494,1.985785953,15.98506719,12.0950323,159.5323744,1,FN
18.359375,30.75907752,5.749359799,35.34212422,102.0443144,73.94695882,0.17534749,-0.786496017,1,FN
19.5234375,31.11821333,5.677385339,34.21866053,76.1722408,70.16131984,0.721065608,-0.379067424,1,FN
9.4453125,32.42293955,5.901331773,36.14395837,110.5643813,63.80673449,0.460033325,-0.828869488,1,FN
33.2109375,61.97537973,2.527217952,5.072100392,122.5911371,105.1368557,-0.123556741,-1.834990339,0,FP
34.5546875,32.80286968,4.849129377,27.61630924,59.44230769,74.58521321,1.052285558,-0.131875657,1,FN
114.5703125,47.17068137,0.508180805,0.543763996,1.56187291,16.08610873,11.21768179,132.6892305,1,FN
7.921875,33.07959373,5.831878951,34.38143283,172.7959866,62.64608493,-0.771858777,-0.303492808,1,FN
34.5859375,63.09486005,2.41619629,4.195093798,185.4297659,77.81271519,-1.091115646,-0.437615964,0,FP
7.6328125,29.46233589,7.288394672,53.75696761,164.8662207,74.20219256,-0.66856932,-0.736855876,1,FN
94.1171875,41.52627577,1.222038339,3.350987323,9.563545151,39.14880465,4.372555754,18.70708369,1,FN
75.1484375,32.65374448,1.827778633,8.703206085,8.474916388,33.74887893,4.537529421,20.98387016,1,FN
20.90625,31.26585535,5.468975702,33.11219187,66.14130435,72.69047818,0.956281866,-0.030934891,1,FN
21.9375,33.21632458,5.365765185,29.99690562,120.5802676,82.76088423,-0.076429822,-1.144676545,1,FN
56.953125,37.8190303,2.422605142,9.274625264,10.1764214,40.89581934,4.167668679,16.68677254,0,FP
79.9375,75.63995203,1.064485197,-0.543938707,170.8051839,73.20665078,-0.986562774,-0.182697952,1,FN
63.1953125,33.15377491,2.177202406,9.119310279,9.261705686,40.53953731,4.344251431,17.54486233,1,FN
76.3046875,40.31759824,1.586844849,5.187632711,9.080267559,35.21216504,4.561970169,21.33031538,1,FN
76.1171875,35.04230058,1.554362622,6.395422289,3.465719064,23.74138806,8.109397541,69.62443497,1,FN
34.953125,30.45536164,5.859790675,38.80265987,55.34448161,76.40069994,1.310040698,0.438272388,1,FN
72.1875,44.78642896,1.304482718,1.868594118,51.72408027,77.90452172,1.173436443,-0.14022268,1,FN
88.3984375,39.98873666,1.392984589,2.940152516,43.13963211,73.72644276,1.445704368,0.639399179,1,FN
17.03125,28.36754789,7.172622696,53.1934326,132.9749164,81.56521309,-0.241343492,-1.153211203,1,FN
24.7578125,30.23624328,6.465642517,45.32426718,113.7090301,85.28956551,0.027521155,-1.326408834,1,FN
104.5390625,44.0184447,1.19852334,2.280303458,30.06270903,63.07054166,2.00610609,2.841017681,1,FN
72.5546875,43.58268159,1.195781848,2.473270911,6.727424749,34.66421753,5.413840112,29.12908212,1,FN
60.484375,32.02610858,2.965752683,14.35582531,68.50919732,73.32304079,0.864618889,-0.250095965,1,FN
76.21875,46.77571778,1.13390683,1.858365377,50.63545151,77.10642353,1.185710659,-0.176323017,1,FN
100.9375,54.56343069,0.453628401,-0.406630775,85.00083612,88.00389072,0.45129296,-1.382968547,1,FN
106.6640625,61.28765135,0.468726838,-0.657251352,72.07190635,90.42475861,0.674834757,-1.265329058,1,FN
8.84375,31.10226014,7.147370032,51.3090457,151.7140468,75.04943858,-0.210533461,-1.278222193,1,FN
95.3828125,51.40329529,0.889495509,0.435109453,7.170568562,31.28802976,5.358360596,30.12281883,1,FN
112.71875,50.65615361,-0.018665361,-0.194670933,3.397993311,23.41805172,7.422643976,57.07679546,1,FN
78.328125,42.49211496,1.632708951,4.860394724,24.64882943,59.74015997,2.418380651,4.698620698,1,FN
93.1328125,46.28012044,0.512801132,0.498680345,3.495819398,22.39010657,7.049415651,52.54249613,1,FN
85.40625,47.88779814,1.168742905,2.225387102,17.65133779,51.75294741,2.911072145,7.270132748,1,FN
112.5703125,40.40859353,0.369606583,1.154466251,0.870401338,13.42366353,16.45809591,278.5807942,1,FN
96.3203125,46.13667427,1.033361548,1.625056717,4.243311037,26.74649035,7.11097787,52.70121754,1,FN
14.234375,28.93405335,6.552998011,44.94563248,158.0543478,80.74958954,-0.632420568,-0.927000914,1,FN
27.3671875,30.38473895,4.875457338,28.6755746,108.2700669,76.74236842,0.094011155,-0.930388571,1,FN
36.0625,26.91907723,5.350862699,35.98580629,105.4205686,81.1169902,0.303897634,-1.00595417,1,FN
81.0390625,38.26172254,1.458136946,4.47202413,10.77675585,43.60001183,4.002470455,14.6379967,1,FN
72.0546875,37.43396448,1.649153423,5.55712166,12.61622074,42.82000171,3.663286652,13.10299744,1,FN
80.5625,57.41444042,1.293750284,1.030503125,7.617892977,34.7942156,5.18946858,27.10132095,1,FN
60.6953125,32.89010076,2.306700637,10.45641812,9.20735786,38.48807068,4.360677127,18.18669766,1,FN
6.1875,30.85392753,6.476885002,42.92076344,138.1956522,49.30449566,0.393867458,0.097969341,1,FN
61.3203125,35.13699386,2.12506091,8.749596277,6.221571906,32.21045816,5.573565234,31.30181946,1,FN
96.453125,41.16465781,1.283035926,3.646660796,15.68896321,49.03127026,3.222188781,9.373178747,1,FN
78.1875,46.5729854,1.275871345,2.230770913,13.22324415,45.97866847,3.671067312,12.68406398,1,FN
79.4296875,48.74594271,1.594304827,3.010274704,19.62123746,52.69914785,2.758186702,6.734941421,1,FN
13.546875,29.13113116,6.78935069,48.33985375,91.29013378,69.05636254,0.340408565,-0.469912114,1,FN
76.5625,34.82854208,1.676975263,6.162479347,49.52759197,75.23797301,1.114572564,-0.362441344,1,FN
127.03125,50.65183509,0.175287999,0.117653609,13.64046823,44.85399392,3.295240995,9.897836526,1,FN
86.234375,36.90835025,1.665532921,5.535417171,15.17976589,50.88779011,3.24987218,9.113489622,1,FN
71.4453125,36.57415596,1.744121889,6.695118921,13.02508361,44.70222219,3.485496868,11.09146294,1,FN
75.953125,36.5371941,1.297816277,4.684747694,21.49665552,55.045261,2.390368408,4.292564197,1,FN
31.703125,29.17976594,5.781621754,36.33574371,163.5769231,45.8697254,-0.180266075,-0.464227987,1,FN
27.9453125,28.51817091,5.915666072,38.4765475,148.8695652,64.92165108,-0.075444948,-0.707474459,1,FN
84.0859375,44.53106839,1.365958487,2.536932543,8.618729097,37.63330976,4.687512869,21.72060286,1,FN
65.1640625,50.64564044,1.990829783,3.713695014,56.56354515,76.74473482,1.142132668,0.006204287,1,FN
68.34375,31.10426958,2.001883491,9.361044194,54.32608696,76.11726797,0.993078221,-0.563096101,1,FN
67.7109375,36.2672701,1.825590122,6.507033765,10.48578595,42.3903342,4.231965471,17.19117815,1,FN
64.2109375,29.44503681,2.563082588,13.72383566,4.237458194,27.70059949,6.855086962,47.10322919,0,FP
11.8828125,28.27726038,7.347116778,55.4057565,92.30769231,67.40200845,0.536685484,-0.245252644,1,FN
86.5390625,38.71145307,1.803818291,5.52675691,10.14046823,37.15085402,4.034846654,16.83663613,1,FN
70.984375,47.46281182,1.698129534,3.342902637,6.898829431,30.63443914,5.769658132,35.77648585,1,FN
27.546875,24.77204176,6.758971677,55.9693161,74.39464883,77.08591896,0.86353316,-0.423537357,1,FN
107.2890625,56.87515829,0.58374247,-0.063270871,20.28428094,58.3505247,2.769052204,6.156350178,1,FN
95.3515625,41.82881592,1.280502609,3.351276969,14.10367893,47.47480536,3.513019199,11.30599897,1,FN
8.875,33.56314012,5.776645432,33.26688987,170.8595318,61.85071034,-0.735534604,-0.070244703,1,FN
37.671875,30.32766615,5.233518942,30.58937306,113.0242475,76.25646689,0.13200448,-0.896855742,1,FN
79.0703125,43.38385781,1.584939782,3.885098004,34.2173913,64.41764776,1.718283135,1.680739323,1,FN
107.3515625,49.82603954,0.349515296,0.131933658,4.275919732,24.92314183,6.489325841,44.29654047,1,FN
61.828125,35.58003947,2.179119289,8.942227009,31.31270903,59.54490904,2.096319587,3.684103858,1,FN
18.46875,30.67137751,5.324693064,32.13511206,79.77926421,70.61322253,0.457164795,-0.652009171,1,FN
76.671875,50.07230855,1.797571445,3.100705383,1.289297659,11.07083845,16.43405227,314.1971868,1,FN
81.4765625,34.45875361,0.8978288,4.114870644,4.572742475,26.34363649,6.664689109,47.24653221,1,FN
103.7265625,40.6455169,0.172961573,0.768398273,2.818561873,16.53630919,8.304640887,85.44758983,1,FN
96.6796875,38.56709527,0.59480517,1.523007235,70.40301003,71.4418499,0.20044232,-1.644414315,1,FN
76.890625,43.79162919,1.390849204,2.472939287,5.550167224,29.8579131,6.281987155,40.44384599,1,FN
36.234375,30.64195561,4.772927847,27.21067157,78.57859532,77.08176398,0.916619386,-0.267020019,1,FN
77.4921875,36.01041431,1.873516582,6.508272461,8.030936455,37.25241407,5.081888401,25.68390631,1,FN
110.6796875,38.25264157,0.459937078,1.69068874,4.434782609,22.20179407,5.93974728,39.7813741,1,FN
118.1953125,51.36770912,0.155527808,-0.048672422,36.16304348,67.88042313,1.514739181,0.631103897,1,FN
127.25,45.39909828,0.111973564,0.30349472,6.393812709,33.97059414,5.559184745,30.62363238,1,FN
17.1875,27.96726602,6.640375128,47.2355542,65.46822742,62.64831094,1.023811257,0.682661136,1,FN
84.640625,36.37945299,1.674437399,5.640745493,62.60618729,81.52086707,0.742935105,-1.02941432,1,FN
78.953125,46.68626327,1.42265173,2.492381502,48.41137124,38.32395364,-0.184758638,-0.466768579,1,FN
68.6015625,33.67824313,2.140574032,8.983355212,13.30602007,51.09879601,3.638970082,11.48002521,1,FN
25.890625,30.51132842,6.273098563,42.86668102,103.4807692,74.7888251,0.344991045,-0.869918944,1,FN
122.1328125,49.43878334,0.169301441,-0.180137727,15.9180602,57.00312414,3.325178619,9.148155617,1,FN
65.125,71.10621457,1.008568666,-0.452238868,139.3862876,90.28079355,-0.316841281,-1.613245125,1,FN
74.2421875,35.31769787,2.193684838,9.04864641,38.51254181,77.83778912,1.600997903,0.747279614,1,FN
84.4375,40.31414725,0.796645937,1.536038171,1.75083612,20.13299737,11.44233305,129.2822375,1,FN
95.734375,50.2122813,0.706468556,0.597250471,96.08444816,109.6553451,0.287641972,-1.874683189,1,FN
38.6796875,32.4159812,4.135570584,22.43417453,98.92474916,76.2240538,-2.71482E-4,-1.051285608,1,FN
68.46875,40.7509466,2.093170556,5.353432556,53.85284281,32.9225058,-0.731595828,0.309300434,1,FN
98.078125,50.43306352,0.678554487,0.641073274,0.91722408,9.776978163,18.28692566,417.3314348,1,FN
80.265625,49.91719462,1.335702814,1.542415013,161.1312709,89.00716963,-0.987236443,-0.597430422,1,FN
90.234375,44.01411073,0.815599722,1.141763994,3.591137124,21.75438806,6.782996309,49.98373208,1,FN
37.203125,30.99152086,4.897519937,27.49620967,102.3795987,78.80374241,0.226568015,-1.002375994,1,FN
109.0546875,49.4613657,0.335681502,0.092140616,0.928929766,9.343990925,19.62280224,479.6709644,1,FN
67.6875,41.47622625,1.570719175,4.742252088,28.18645485,60.71798274,2.254384215,3.935413256,1,FN
65.5703125,33.88645646,2.935616839,12.93714171,57.21989967,79.80866106,0.927993391,-0.723914426,1,FN
78.21875,40.63787056,1.540387482,4.797428213,21.15050167,54.93860141,2.492557473,4.843070239,1,FN
38.3671875,28.73882149,4.911608732,30.04790545,92.03595318,83.91832635,0.460979803,-1.01457622,1,FN
83.3203125,32.71704773,1.917684673,9.863056319,30.91973244,77.22112569,2.111699707,2.500354436,1,FN
28.6171875,30.30164009,5.23870101,31.06962963,144.6471572,59.87195856,-0.074598737,-0.321840815,1,FN
89.0546875,43.84388295,1.035462208,1.177780035,2.006688963,12.96341477,10.95409368,160.6677306,1,FN
101.9296875,46.48003328,0.425094987,0.618000024,0.848662207,12.92354699,16.364909,276.722213,1,FN
92.890625,50.00066162,1.409737846,1.964645676,42.98829431,74.76461298,1.395015798,0.321894692,1,FN
70.09375,44.81253269,1.277516001,2.383786223,1.91638796,15.28534718,12.46154934,172.4740624,1,FN
93.75,40.65767916,0.910554522,2.164689907,5.096989967,28.2178984,5.916693572,35.54230373,1,FN
99.265625,37.12594367,0.715227893,1.936421549,29.31688963,66.39636541,2.015641321,2.445002469,1,FN
103.578125,45.16663754,0.552354568,0.777646322,21.82107023,51.1771769,2.398916373,4.759216603,1,FN
132.109375,42.21600599,0.099615205,0.557277976,0.993311037,11.74385011,15.18629471,264.2613703,1,FN
92.6015625,49.78851208,1.005287247,0.57183843,23.74749164,58.85833953,2.420901795,4.698282981,1,FN
80.4140625,38.23335572,1.624123115,5.892901682,36.98160535,68.9542381,1.508511427,0.623755762,1,FN
115.6484375,57.50361264,0.39861108,-0.340352463,52.78344482,69.81926568,1.024687216,-0.162768523,1,FN
78.1015625,69.39738826,1.303471641,0.420722724,12.90050167,45.03559684,3.926855752,14.82775476,1,FN
111.578125,37.12765339,0.799378778,1.864136036,21.22909699,50.63817835,2.619709013,6.279117781,1,FN
68.3203125,33.99355031,2.282632806,9.827339192,21.51839465,54.18192595,2.428379777,4.52809258,1,FN
112.4453125,41.69603709,0.618890266,1.126564786,6.392976589,32.71782293,5.357518634,28.52583016,1,FN
121.59375,43.27518008,0.209763691,0.092802937,3.001672241,23.10178142,8.092079331,66.89800856,1,FN
96.6875,38.94181357,0.688368812,2.509435254,6.176421405,31.0751836,5.311122881,28.35052919,1,FN
14.9375,30.34843231,7.01477749,50.1828551,117.0050167,87.29701716,0.062863629,-1.343670962,1,FN
23.6484375,33.73786584,5.600685729,32.52986595,113.743311,71.96415517,0.187530741,-0.65888801,1,FN
10.296875,32.14599493,5.560033022,33.30827255,147.0593645,60.67493012,-0.331200711,-0.329801674,1,FN
31.5859375,31.90917955,4.246281784,21.9462402,59.47658863,67.30250648,0.939808852,-0.0626975,1,FN
19.484375,32.4607899,4.686138231,25.3763628,86.72240803,60.99121215,0.747210526,-0.049027511,1,FN
86.921875,41.07303126,1.555088354,4.178343996,6.592809365,33.13763103,5.670572406,32.64354815,1,FN
87.3359375,48.06282954,1.122536186,1.427885802,137.1020067,95.03118462,-0.43336351,-1.531109186,1,FN
103.859375,35.46427216,1.396708211,4.715823254,17.25167224,51.62967282,3.166081538,9.150102861,1,FN
27.53125,33.4957874,4.838103704,25.53491373,58.18311037,67.56148506,1.061692631,0.407921551,1,FN
69.6953125,43.54318234,1.649895381,3.485575966,141.7809365,86.94584005,-0.788771912,-1.042766735,1,FN
22.96875,28.21013157,6.653031114,47.96902735,127.3377926,82.08952579,-0.205904946,-1.154987786,1,FN
31.0859375,29.67901914,6.651450409,46.86685291,127.2458194,78.08266634,-0.137218605,-0.99087053,1,FN
103.390625,42.61807759,0.418338759,0.794263173,5.089464883,26.29253088,5.496571075,31.30574759,1,FN
25.8828125,29.54938163,5.85328529,36.84154972,96.70819398,59.25537922,0.766688871,0.503996553,1,FN
74.6328125,44.24114867,0.996855022,1.839553111,32.30769231,62.66735967,1.903619852,2.378535032,1,FN
112.46875,39.75470442,0.365286563,1.506196542,2.986622074,21.17848552,7.765853469,63.48897487,1,FN
110.2265625,39.06169296,0.205310999,1.590113963,2.513377926,17.17047093,8.520990655,85.42592747,1,FN
84.53125,43.76873483,1.16265058,2.135450581,10.37123746,38.48344963,3.972712278,15.49732363,1,FN
82.671875,38.31410261,1.479826227,4.046876263,99.409699,91.35474813,0.217772793,-1.535622078,1,FN
33.3984375,39.48562631,4.529319402,20.69544477,58.70986622,62.98411386,0.726764053,-0.968227335,0,FP
11.3125,32.89917125,5.965438526,35.9852318,118.6337793,67.35104707,0.021561324,-0.574656351,1,FN
75.5703125,31.90383098,1.882443041,8.925853354,13.46070234,44.45868355,3.338827957,10.06191759,1,FN
13.2265625,31.71164387,5.623710282,33.34287139,143.1722408,63.896188,0.138212003,-0.804983112,1,FN
82.6171875,49.65067363,0.919883294,0.807797142,2.566053512,19.6474313,10.24436306,110.5672784,1,FN
87.375,39.59620405,1.542813554,4.111057707,16.4138796,51.17907548,3.248128572,9.423348928,1,FN
37.3359375,27.64882382,4.967325025,32.75392671,64.1229097,91.89896905,1.04253464,-0.621374164,1,FN
36.8828125,32.89510343,4.177538111,21.19882157,91.65133779,75.97207069,0.418538803,-0.744468025,1,FN
79.1484375,47.3128038,1.484287236,3.407429339,28.75668896,63.5653628,2.211150488,3.656578708,1,FN
61.3984375,41.71917647,2.069210316,6.344919248,53.57107023,75.01623547,1.208300966,0.236256073,1,FN
85.9609375,44.7832283,0.790272555,1.427598655,35.62123746,66.81649745,1.617705962,1.10588266,1,FN
78.0,83.79690851,1.070876299,-0.632872049,158.9331104,77.06197094,-1.227875829,-0.062562216,1,FN
13.109375,32.64085687,5.767084535,34.25098571,57.39715719,69.40855218,0.98369996,0.041374355,1,FN
19.7890625,31.06385871,5.789227339,35.5201054,58.11371237,66.80839507,1.000054803,0.153420153,1,FN
7.796875,33.05969019,6.139090075,38.70819796,109.1254181,55.704857,0.68269248,-0.374732984,1,FN
6.265625,31.53531859,6.141778095,39.07830612,135.0200669,55.57571531,0.260256506,-0.917726214,1,FN
10.015625,30.85601248,6.180543919,39.75576706,100.2065217,74.32885883,0.27344841,-1.063817954,1,FN
97.3125,38.28526765,1.201549111,2.972211693,1.785117057,12.31151455,11.77714906,185.2641987,1,FN
127.5703125,38.26994651,0.22612901,1.972821261,31.11705686,66.15966809,1.832828613,1.698899538,1,FN
93.0859375,51.14944821,1.298184844,1.792965793,126.8704013,97.17698793,-0.160468153,-1.586368761,1,FN
66.4765625,41.03960832,2.109889079,6.260323586,47.84448161,78.25482063,1.284846524,0.1126059,0,FP
85.4453125,49.86353386,1.314571449,2.081513939,131.3795987,71.98888375,-0.473466462,-0.579712461,1,FN
75.5859375,34.38625437,2.02549836,8.652912976,3.765050167,21.89704893,7.048188633,55.87879143,1,FN
35.4609375,34.55993488,4.785785895,24.87242875,32.5367893,65.35370308,1.729435989,1.422676896,0,FP
18.4765625,29.7163583,5.9729128,38.46719303,78.36705686,71.63865489,0.617794791,-0.386980701,1,FN
34.0859375,32.45598639,4.578745511,25.10418984,110.9565217,79.35646125,0.105358058,-1.003129925,1,FN
116.3125,43.24146411,0.580345426,1.029661169,10.45568562,40.1273334,4.192998605,17.68270745,1,FN
66.53125,40.78467419,1.935808738,5.267121879,152.0886288,73.37278599,-0.681893341,-0.41529506,1,FN
106.9375,54.51802311,0.693495497,0.0708385,24.21655518,62.03452022,2.45236426,4.601263057,1,FN
104.53125,47.9394047,0.865707929,0.848686501,2.449832776,17.39243074,9.904190427,110.2218337,1,FN
99.3671875,48.84028036,1.028380113,1.303839586,2.808528428,18.26745633,9.34770625,98.16981116,1,FN
56.640625,49.86007521,1.749052196,2.374493761,156.9816054,79.71268219,-0.798698757,-0.76995542,1,FN
49.703125,33.44943931,3.686563982,18.12867716,92.96571906,86.5434992,0.485746675,-1.160444923,1,FN
47.203125,61.00824219,2.009311961,2.740597233,23.19230769,47.12111493,2.417386344,5.858358578,1,FN
82.4296875,47.39456779,1.084620859,1.849159946,85.93729097,88.0720398,0.28630973,-1.594326498,1,FN
94.65625,48.96577847,1.120508084,1.532026927,3.712374582,23.56963384,8.139562245,70.77428481,1,FN
69.2109375,35.25723604,1.093096134,4.435121802,2.345317726,20.20025961,9.389613296,91.75081705,1,FN
8.1953125,31.70273514,6.262653406,40.29073128,96.72408027,67.73470867,0.498758172,-0.774813666,1,FN
17.0078125,31.17277861,5.936043887,36.75222153,63.31354515,69.60168219,0.895209094,-0.112167817,1,FN
69.4453125,37.79070831,1.770154537,6.696241552,8.025083612,32.30417266,5.197634274,29.21257992,1,FN
39.1640625,33.53258148,4.311137093,22.85493637,78.48411371,72.2703299,0.687210557,-0.377126095,1,FN
8.84375,31.63276523,5.942715019,36.91478672,112.4113712,67.64823687,0.350133387,-1.063705658,1,FN
96.546875,39.51697803,1.128441314,2.58304544,88.47491639,87.97220528,0.238320736,-1.546453911,1,FN
71.4140625,40.51900159,1.582277875,4.229061893,8.204849498,39.56497146,5.194352095,26.09292347,1,FN
95.8984375,56.00318627,0.937979466,0.431099098,172.3988294,73.60595597,-1.145374229,0.266740316,1,FN
22.875,29.15315163,6.528522936,45.67052231,113.9247492,80.82252341,0.096650078,-1.095059646,1,FN
107.6796875,44.48172616,0.462079027,0.627300823,28.57608696,61.01717284,1.932781783,2.315313015,1,FN
38.4921875,32.06024507,4.626391357,25.06651792,102.3938127,77.06008772,0.259072872,-0.887048348,1,FN
15.6875,32.81452375,6.152455829,38.42013077,115.7215719,84.6089484,0.099308507,-1.304548712,1,FN
126.5546875,45.01333285,0.380317761,0.308553175,4.983277592,28.88093517,5.938614333,34.91794317,1,FN
38.71875,28.33503174,4.756850092,31.2113446,65.59698997,79.19010903,1.062862749,-0.137074853,1,FN
104.0390625,46.49065806,0.469904566,0.749434609,43.19648829,74.37844354,1.367850954,0.246203152,1,FN
15.8828125,29.72941018,7.268593181,53.24115298,112.4180602,67.23453292,0.46751992,-0.491603919,1,FN
101.609375,44.57985012,0.387534153,0.529629047,3.0,22.64237747,8.270772005,71.70782944,1,FN
116.53125,44.74370373,0.679248889,0.725746148,102.2884615,98.46212742,0.207609348,-1.676794645,1,FN
82.21875,49.9042736,1.610494814,2.732744507,39.13545151,72.72962746,1.684182781,1.369425773,1,FN
65.078125,43.89611482,1.907605529,4.384834271,78.66889632,69.28976095,0.473621312,-0.650854637,1,FN
81.6875,38.70778951,1.495076427,4.399461454,21.39381271,58.69433258,2.695640515,5.782244015,1,FN
32.7578125,29.80371886,5.264754928,31.87811134,55.73411371,70.15343581,1.309008666,0.743217219,1,FN
68.125,35.69948354,1.960779368,7.421007114,3.966555184,24.98589338,7.011637784,51.40636142,1,FN
6.1875,29.69499905,7.320156666,54.06094705,170.8060201,72.56544156,-0.840554451,-0.485269473,1,FN
88.7578125,43.6700602,1.768201048,3.987579956,115.0844482,102.8564707,0.08483579,-1.721599548,1,FN
89.4375,40.4904985,0.561311955,1.290223573,2.62541806,18.90254419,8.074870162,71.31761612,1,FN
78.421875,33.08171922,2.05681164,9.630447686,2.002508361,19.73526698,10.65475461,116.1453043,1,FN
91.6328125,42.75692033,0.815728856,1.304500998,12.51505017,41.5839274,3.244519416,9.312022799,1,FN
12.1328125,29.89574883,6.583985394,45.41182481,99.94063545,71.39082214,0.24315076,-0.678561408,1,FN
90.546875,45.14297761,0.915527516,1.601072493,4.857023411,28.3993345,6.132705861,37.81336047,1,FN
102.4140625,43.94359441,0.283450145,0.480460577,8.597826087,37.19515507,4.541610351,20.15982986,1,FN
113.8828125,44.34428886,0.322081429,0.683884824,2.200668896,19.769107,9.745960057,98.81337916,1,FN
8.578125,33.61793824,5.823671052,33.92976076,141.3152174,79.27104219,-0.104045545,-1.315916032,1,FN
18.453125,30.70063603,5.754312382,35.51531757,74.80016722,73.52413682,0.647989749,-0.601086153,1,FN
98.2109375,47.24250145,0.591122875,0.40110591,1.427257525,12.35872241,13.39411501,218.1620811,1,FN
117.0703125,45.08588741,0.393116274,0.226718498,1.508361204,15.00877437,11.64563111,149.2381322,1,FN
26.375,32.9374407,5.0223654,26.90744775,77.63377926,66.61346843,0.825641566,0.025604408,1,FN
85.1875,40.88603635,1.534340703,3.798910059,39.59531773,73.61768576,1.680544669,1.297380307,1,FN
105.5234375,43.91041392,0.828310557,1.789748921,23.04264214,55.52960903,2.351130353,4.256981041,1,FN
81.375,38.31815823,1.329683713,3.939896618,21.26588629,49.08861219,2.464339505,5.216196823,1,FN
82.953125,49.54131158,1.515037867,2.415201732,127.2692308,78.27755537,-0.168708258,-1.007809851,1,FN
48.0,33.12523585,3.232482712,14.97328566,69.98076923,62.08698018,0.678813792,0.096656476,1,FN
80.6953125,42.00382397,1.327769491,4.153582856,11.77090301,44.39759578,4.028925126,15.67959593,1,FN
74.109375,40.59310948,1.696825468,5.157732788,12.1764214,43.951381,3.92744644,14.74880851,1,FN
22.9296875,32.48008611,5.277008542,30.36109107,132.5744147,65.71728224,-0.367439677,-0.18648862,1,FN
87.109375,41.99688128,1.359798194,3.613590752,13.34364548,45.77206288,3.566127706,11.80151937,1,FN
98.34375,47.0293189,0.868207578,1.112784302,26.10200669,60.65677023,2.225273001,3.622436634,1,FN
104.1796875,46.56974501,0.420015592,0.828797922,1.176421405,12.91352041,13.16504916,198.2617233,1,FN
99.8828125,48.46368181,0.3999269,0.652447481,12.68896321,44.49505153,3.53838469,11.32808216,1,FN
89.9140625,38.36075211,0.994116093,2.604717747,13.89046823,43.23062378,3.145293735,8.950984428,1,FN
65.28125,37.85889458,2.192432526,8.421129231,64.80936455,78.61079848,0.750128066,-0.821381219,1,FN
48.078125,32.40023374,3.596613116,17.31498052,64.76421405,72.62912333,1.105638115,0.280692664,1,FN
25.484375,29.73344717,6.937638049,50.15797584,66.16638796,66.84136044,1.047523267,0.509223353,1,FN
15.625,32.9020801,5.397410786,30.56721605,94.61287625,70.87384431,0.646144076,-0.492505018,1,FN
29.125,32.61278507,5.023833497,28.86991113,71.7048495,72.3372167,0.635524785,-0.512419219,1,FN
17.0390625,27.33598885,6.922355152,51.60755888,129.5200669,77.73185471,-0.228249988,-0.938454705,1,FN
91.0234375,42.73198905,0.320523518,0.719521477,1.767558528,11.70667781,11.80153271,201.4082611,1,FN
109.2890625,50.77280158,0.352015361,0.219464333,0.950668896,13.87136585,15.34801701,243.3334623,1,FN
95.7734375,42.85663142,0.912225337,1.99733417,5.929765886,28.19417413,6.027262065,39.04775269,1,FN
31.59375,33.38165605,4.32401085,21.06324237,67.14548495,70.7444686,1.07293357,0.162345566,1,FN
72.2109375,34.21545985,1.712771666,7.033579384,14.20150502,45.39485294,3.140701444,8.531172145,1,FN
67.046875,45.91719098,2.071121367,5.008109577,142.9448161,88.02688646,-0.505813951,-1.168142364,1,FN
77.953125,31.00626433,1.994928318,9.388118454,15.85200669,48.62774788,3.03553347,8.031967196,1,FN
7.0390625,28.7357036,6.861532609,49.34906084,132.6404682,81.44824875,0.145161468,-1.468371471,1,FN
16.0546875,32.86580399,5.329647139,30.32339334,118.0083612,80.22732083,0.025379341,-1.238788062,1,FN
78.109375,37.37609413,2.044188522,6.126507893,128.4080268,84.70453706,-0.28914098,-1.278450518,1,FN
88.546875,44.68236148,0.940484311,1.634902347,13.64130435,44.57923988,3.408574038,10.78335893,1,FN
18.46875,24.79161196,7.595096784,65.38597385,69.80016722,75.24496916,0.894922284,-0.118137123,1,FN
106.671875,41.35330046,0.420093235,0.781941293,2.903010033,17.35934274,7.99972221,77.2891029,1,FN
75.8125,46.96720099,1.623910841,3.116579971,134.4874582,86.85156682,-0.405338234,-1.333759605,1,FN
94.453125,42.9443425,0.621966788,1.050666918,2.214046823,17.8339424,9.520920288,99.13952322,1,FN
91.7734375,42.46969781,1.547537612,3.486250189,150.5443144,92.77363329,-0.530580801,-1.270990164,1,FN
123.5703125,57.27669732,0.514650264,-0.346149639,3.496655518,21.32027994,8.74531061,84.63796303,1,FN
24.203125,31.39848707,5.443613711,31.50630065,103.0250836,80.59104019,0.187007891,-1.087562718,1,FN
85.015625,47.24586364,1.387549434,2.041649755,53.24749164,71.89373861,0.890792872,-0.742236199,1,FN
89.4296875,37.86379446,1.255240171,3.467667924,71.12207358,78.70648544,0.443105226,-1.432246842,1,FN
77.0234375,44.50675244,1.268602281,2.605826138,7.808528428,36.83023007,5.181513792,26.51027772,1,FN
27.640625,29.4766153,6.166295329,41.40723034,60.32525084,73.5358334,1.178987652,0.310896843,1,FN
68.7890625,37.30713997,2.308338091,9.559366931,23.5819398,60.38550188,2.585329789,5.451547271,1,FN
75.4375,38.48330604,1.624541213,5.284175857,5.531772575,31.36855828,6.17166674,38.35373117,1,FN
62.15625,38.48628764,2.289042241,9.167445715,4.787625418,28.59201623,6.166882567,37.6205642,1,FN
37.2265625,33.25263496,3.643542588,16.96713818,132.5560201,45.16922146,0.303267649,0.675769791,1,FN
13.6015625,31.55757136,5.822564614,35.46144115,72.40551839,64.35960793,0.72525056,-0.05200902,1,FN
39.1171875,30.50015909,4.010551871,22.3861641,67.54264214,68.8456712,1.027683359,0.245269538,1,FN
100.375,41.00342973,1.219326866,3.156956814,7.722408027,38.92933568,5.17225813,25.78415423,1,FN
111.890625,47.88058622,0.636548449,0.591727999,4.414715719,27.65392164,6.516273421,42.44266539,1,FN
76.046875,35.90022183,1.690227856,5.954116332,4.638795987,29.66484975,6.654852618,44.1848469,1,FN
102.921875,41.18851656,1.188254763,3.332665667,30.58110368,68.08119742,2.043346738,2.661084433,1,FN
12.4765625,27.75449424,7.037477937,52.4585964,130.2658863,70.57405234,-0.176803256,-0.768255982,1,FN
93.5546875,51.09684564,0.866202418,0.577738986,122.3494983,79.08014176,-0.25520488,-1.071280228,1,FN
115.15625,54.41326778,0.389621738,-0.129343322,3.133779264,21.17554032,9.289008901,93.01545005,1,FN
114.2265625,46.3816058,0.416414227,0.215440332,16.86371237,53.30781429,3.069775149,7.992743548,1,FN
82.53125,42.86970403,1.613626349,3.934068867,6.620401338,34.38197375,5.587993285,30.96937876,1,FN
21.828125,32.0807354,5.674436569,33.19337966,116.2065217,83.18827615,-0.001290202,-1.224396453,1,FN
28.7578125,30.13349105,5.840096278,39.44785209,75.10618729,78.23615478,0.769681835,-0.557649255,1,FN
112.90625,47.73370754,0.445550862,0.391164407,1.705685619,16.14328612,10.42274842,116.8602088,1,FN
95.109375,43.30636399,0.366115935,1.417368335,2.989966555,22.6104476,8.460500093,74.90918791,1,FN
81.640625,36.08296308,1.346785056,4.938703095,16.65217391,51.13121117,3.052324452,8.112335087,1,FN
104.3984375,45.17506569,0.529472406,1.047006985,5.922240803,31.43174599,5.69367877,32.72252724,1,FN
89.2890625,59.40961522,1.138659189,0.507889889,68.33361204,84.08348042,0.787360707,-0.845856504,1,FN
115.6875,44.69020971,0.445118581,0.98047914,19.30852843,51.47874479,2.61982716,5.758852621,1,FN
116.8359375,48.03331808,0.368218272,-0.021364361,2.738294314,17.27524294,8.667335968,89.7861223,1,FN
95.390625,57.46088811,0.850746019,-0.112877154,11.2951505,44.43700976,4.134948641,16.12329194,1,FN
69.6640625,36.82481274,2.119994577,8.597450881,17.56688963,48.91450162,2.885591983,7.547988962,1,FN
81.0859375,40.14077325,1.175522965,3.424507519,11.67307692,44.34816995,3.93256811,14.60375894,1,FN
101.6875,47.07669109,0.407855337,0.632202453,2.262541806,20.76423559,9.971577412,102.1214175,1,FN
17.7578125,30.80882232,6.086458241,38.24254145,102.8294314,70.89666513,0.327265139,-0.507486595,1,FN
94.6953125,46.57513396,0.335469844,0.153277345,3.459866221,24.04283165,7.285706194,53.76944224,1,FN
112.3046875,45.12526984,1.101891573,2.026089747,41.23244147,76.31848523,1.495602462,0.564702029,1,FN
115.2421875,52.88471337,0.617194669,-0.473516168,121.9924749,98.52765995,-0.300688184,-1.719093248,1,FN
108.6328125,51.13353705,0.743156699,0.647275985,59.98745819,82.87536887,0.993160939,-0.536109599,1,FN
70.2890625,68.04469491,1.084958031,-0.126652662,138.2140468,87.86616269,-0.474627352,-1.370035377,1,FN
119.15625,50.60561936,0.46465455,-0.043930093,18.35284281,52.71949736,2.727909552,6.06360806,1,FN
90.078125,39.19235603,1.369902072,3.981459285,35.20986622,60.57315655,1.635994942,1.609376782,1,FN
68.171875,39.00923556,1.890852823,5.974870302,7.306856187,32.44494158,5.093572586,27.16879704,1,FN
75.6796875,44.5385952,1.663576958,3.656040386,64.81354515,82.02374147,0.94238102,-0.561960661,1,FN
83.546875,39.70021634,1.137550576,2.754443292,4.901337793,27.32864457,5.746348061,32.98390615,1,FN
52.6875,29.00127961,4.34392863,26.28998825,61.02173913,80.09594703,0.978638555,-0.426167786,1,FN
11.4140625,33.01834891,5.580259541,32.38538427,115.2608696,63.7299815,0.569986335,-0.558561195,1,FN
57.3125,34.38880405,2.444048091,10.09351758,96.12876254,79.73480381,0.368701087,-0.981237031,0,FP
26.9453125,29.94769101,6.110703671,40.85382605,108.708194,80.07229781,0.216344527,-1.036452964,1,FN
84.4765625,50.00702526,1.212789004,2.359105176,8.35367893,35.96427754,4.4263579,19.06763528,1,FN
22.9140625,32.36366291,5.361344306,30.40526465,164.5518395,75.14933731,-0.678050686,-0.841819183,1,FN
34.8984375,30.92426228,4.422257175,24.95582131,103.4423077,76.23984673,0.363738982,-0.78513902,1,FN
51.53125,28.46652022,4.583886068,28.53694214,53.27090301,78.02690251,1.298630747,0.315625176,1,FN
105.921875,43.87760131,0.586689392,0.440956743,8.006688963,34.90773729,4.506391175,19.87915731,1,FN
44.2578125,60.33762379,2.063332746,3.229865232,158.9013378,60.91147394,-1.129127959,0.555839532,1,FN
84.2265625,47.42332872,1.573240528,2.60999922,132.5819398,71.87268664,-0.473744206,-0.478413851,1,FN
81.6640625,40.93254309,1.703866855,4.148017391,16.53595318,47.68371841,3.297480118,10.61600989,1,FN
31.109375,32.01689846,4.922593532,27.5746585,115.1923077,66.43484354,0.243013429,-0.432273106,1,FN
20.8203125,30.28134574,5.964328192,37.73553526,99.72491639,63.79196761,0.847683514,0.028599962,1,FN
81.65625,43.92010458,1.320340826,3.307269033,13.63963211,47.17589375,3.604873602,12.05912884,1,FN
102.671875,43.48870352,0.820853347,1.717733086,32.30434783,59.80349103,1.750664268,1.952422691,1,FN
82.46875,44.95795562,0.951396884,1.710884976,2.483277592,22.49282059,9.266659683,86.43493817,1,FN
36.6171875,29.29753645,4.470760925,27.34746184,54.66722408,69.15421642,1.293861611,0.766272933,1,FN
6.984375,28.56406844,7.454056179,56.35272065,111.9389632,50.6762013,0.802719867,0.627865868,1,FN
81.953125,48.55214004,1.031327331,1.298143915,3.736622074,23.71193545,7.977269659,68.12710465,1,FN
37.9453125,33.07243674,4.64393735,24.69773167,57.50919732,75.38492581,1.188096123,0.197899545,1,FN
71.5546875,39.39797119,1.800950705,5.818561928,4.835284281,26.45508832,6.291798542,42.25289482,1,FN
14.890625,30.61664028,6.169028053,39.26874638,118.1237458,62.87211423,0.688760377,-0.428872196,1,FN
13.78125,26.97045186,6.831869497,52.2196243,101.5091973,57.07523711,1.089747043,0.440002234,1,FN
85.203125,43.58600682,1.140160744,2.280304897,4.195652174,27.13958434,6.859586375,47.7281995,1,FN
26.859375,26.33786912,6.856928736,51.99356481,115.9021739,87.30678407,-0.067089321,-1.300859747,1,FN
39.6484375,52.8063369,2.081382551,3.389052512,142.9841137,56.76470165,-0.458445467,-0.045531641,1,FN
30.03125,29.53148148,6.377925998,44.53515819,106.1036789,84.60717385,0.206473834,-1.143011984,1,FN
88.734375,45.37628861,0.823817325,1.01079323,8.069397993,34.54246139,4.560543947,20.83400891,1,FN
87.7734375,42.53293115,0.964594183,2.03239405,5.764214047,30.85202449,5.826356351,34.41622786,1,FN
35.28125,28.5790946,5.23632976,32.56266993,86.63461538,87.93267286,0.447778252,-1.223316058,1,FN
32.0859375,27.47073083,5.290711395,36.58425785,67.80602007,73.14644333,1.012569622,0.054996062,1,FN
65.6484375,41.74711626,2.497251543,7.762577084,21.5083612,61.49252148,2.597243105,5.004489646,0,FP
80.46875,36.3883003,1.296000118,4.199041312,46.8729097,69.42012977,1.347551335,0.763488711,1,FN
102.3203125,43.88015169,0.654417288,0.492992714,2.780936455,17.51536844,8.466196458,85.15354745,1,FN
109.140625,44.93202059,0.262410154,0.732816761,2.14632107,18.38549018,9.859942111,105.9377286,1,FN
7.4609375,30.83268921,6.353851274,41.47422668,150.826087,74.73355025,-0.43213181,-1.030554963,1,FN
101.65625,42.71607526,0.363306008,0.574123091,4.134615385,28.00527493,7.037052931,49.79400089,1,FN
128.984375,52.18102271,0.173898954,-0.429864195,1.199832776,14.82453787,13.27809821,183.2836143,1,FN
15.2109375,29.00583248,6.214507442,42.13429363,93.77341137,71.00970066,0.23949835,-0.641023543,1,FN
48.9453125,39.18830912,3.145141266,11.66154241,192.1011706,50.9463023,-1.507778581,1.851651881,0,FP
115.3515625,48.85478959,0.764385545,0.368476554,128.4464883,98.50004488,-0.346044745,-1.641982782,1,FN
106.28125,50.29474648,0.669237429,0.242076246,95.48578595,99.11096767,0.221125172,-1.773956498,1,FN
104.46875,48.2222941,1.153136192,1.282658503,128.6555184,92.01525827,-0.263265774,-1.488859201,1,FN
83.8046875,47.1024579,1.061599176,1.532005013,46.85702341,80.14230942,1.241040718,-0.287114269,1,FN
83.859375,56.45306878,1.518644947,1.619663683,121.7508361,82.99606989,-0.506662454,-1.419886829,1,FN
83.265625,48.38686618,1.544274709,2.849454549,128.0869565,96.73208422,-0.255634311,-1.581232094,1,FN
82.3828125,46.59803528,1.526851177,2.545764089,153.243311,78.43529487,-0.710192918,-0.527549306,1,FN
93.390625,40.51566718,1.304394754,3.681271608,27.67056856,62.0302292,2.041910766,2.664089313,1,FN
82.625,39.30092238,1.321354234,3.999130129,69.44314381,88.38393526,0.683949628,-1.264640971,1,FN
95.0078125,47.33004069,1.465944562,2.267123939,73.87959866,97.60164354,0.640377828,-1.476522292,1,FN
26.0546875,33.9782349,5.09498762,27.40545622,89.59531773,77.71815844,0.409240708,-0.880289842,1,FN
21.7421875,29.36336102,6.298407514,42.54359391,83.39632107,79.00608621,0.501918895,-0.870267085,1,FN
96.5546875,53.00056141,0.809315292,0.539037758,4.046822742,24.36623743,7.722319938,63.4540328,1,FN
95.0078125,47.68098679,1.003758981,0.993613107,25.43645485,62.60253242,2.396493208,4.445248968,1,FN
139.2578125,52.00334215,0.088801747,-0.398664735,2.134615385,18.31139344,9.597763259,98.2654565,1,FN
48.3671875,30.0577234,4.500912427,27.91794242,69.83862876,74.18078711,0.740556013,-0.606040114,1,FN
65.0703125,34.73317569,2.266075075,9.32482866,12.45568562,39.95271716,3.778114332,14.68210797,1,FN
84.0078125,34.2523941,1.363557767,5.062536586,10.24665552,40.57020667,4.084324106,15.84995549,1,FN
17.2109375,46.97766297,3.69160271,13.15899831,136.4406355,64.50439295,0.132456768,-0.906086023,0,FP
91.984375,43.81958473,0.825235154,1.962024167,51.73913043,90.86816781,1.26781163,-0.293069512,1,FN
112.3125,44.83176016,0.270824203,0.561245838,1.219063545,11.59664225,13.46452119,230.0604267,1,FN
27.6015625,40.35009678,4.198134037,17.82994585,3.475752508,21.03266882,7.956236638,70.14870181,0,FP
64.921875,40.97018912,2.114968542,6.430964285,1.722408027,13.96184,12.93879994,193.3490872,0,FP
33.3203125,33.01868164,4.647928345,24.50116729,139.1722408,72.7871118,-0.31980499,-0.787785556,1,FN
83.2578125,48.88063364,1.321662217,1.743422173,140.7851171,98.3217441,-0.485333348,-1.41416531,1,FN
30.28125,30.98032074,4.6991239,26.99715183,55.93979933,63.7597895,1.120805656,0.671562048,1,FN
97.6484375,65.52749779,0.611496861,-0.805125685,168.5025084,89.03488941,-0.803831672,-0.882519286,1,FN
92.3125,51.52028575,0.875865754,0.573469423,20.46822742,50.15304164,2.501918813,5.693900554,1,FN
31.0546875,30.41825844,4.923133401,29.17689177,72.40050167,65.81041713,1.091781847,0.296261629,1,FN
82.2890625,31.60576301,2.50350864,11.83244457,54.85200669,81.40398865,1.053516718,-0.515394386,1,FN
55.4140625,31.37139604,3.477271147,19.17770777,44.24832776,74.952768,1.475518222,0.727717019,1,FN
106.71875,48.59991922,0.48313819,0.060911664,6.269230769,29.92992523,6.026227618,38.46886389,1,FN
60.296875,46.44508844,2.07886629,4.677566913,99.69816054,79.81386182,0.078518481,-1.173577082,1,FN
123.7109375,56.01648088,0.223849596,-0.572024717,0.678929766,10.06511862,20.43001943,449.028584,1,FN
65.203125,33.16397692,2.861040502,12.8045048,44.52090301,75.76121217,1.369637448,0.316789393,1,FN
106.5546875,48.04535757,0.726555111,0.499797463,73.73327759,93.31954989,0.629753623,-1.3828349,1,FN
19.2109375,28.9681,7.383228067,54.91450581,77.35785953,74.79688682,0.819743173,-0.304083989,1,FN
13.7265625,27.71865201,6.740331297,49.21605044,96.74916388,73.91970441,0.291496022,-0.751527032,1,FN
23.8984375,28.72603345,6.29121151,42.36494076,86.20819398,73.79103167,0.47020447,-0.597070578,1,FN
84.6953125,49.34849899,0.960378055,1.102570305,5.490802676,27.76409972,6.181767503,40.39924672,1,FN
74.484375,38.73245255,1.442538553,4.753955877,5.420568562,29.3469252,5.828484084,34.52274251,1,FN
14.984375,31.6415432,6.056434764,37.83680375,87.14882943,69.73715288,0.416348214,-0.492008325,1,FN
35.046875,27.99158896,5.099622832,32.47168498,71.35117057,74.28286188,0.385474499,-1.360696481,1,FN
50.359375,33.85786799,3.781356965,17.55919667,130.8837793,98.08345214,-0.225380169,-1.635938877,1,FN
67.078125,34.17158207,1.821346733,7.722496191,2.47826087,21.50652143,9.450350633,91.80471717,1,FN
78.2265625,36.32174255,2.317175161,8.34715881,28.60618729,62.61038088,2.005419558,2.701474197,1,FN
21.8828125,28.65708385,6.076240301,40.76429675,75.98411371,78.98358651,0.797466258,-0.504413803,1,FN
74.4765625,40.71028833,1.41764242,4.449731236,33.63294314,71.46043332,1.814685721,1.601792036,1,FN
27.484375,26.77655935,6.110542304,43.94082312,116.8754181,92.04395143,-0.058689126,-1.571429441,1,FN
54.625,34.03949912,2.202762448,10.56004668,49.89214047,80.69743589,1.304085539,0.116022665,1,FN
105.140625,36.7161269,1.202375439,3.639246019,31.8361204,59.58570652,1.781491554,1.909746524,1,FN
38.78125,24.89821075,5.486618305,43.46374779,60.61705686,93.00184579,1.060881789,-0.670000208,1,FN
100.0078125,49.86928164,0.60639309,0.322745141,25.27591973,64.02260357,2.346076233,3.93522747,1,FN
36.515625,30.75533093,5.538119728,36.61006208,56.81187291,86.6066178,1.174596115,-0.274811991,1,FN
48.3125,31.36148862,3.634014344,18.55715856,85.37123746,86.66999636,0.491667511,-1.207753263,1,FN
52.109375,32.66119505,3.699436673,19.73857374,47.09197324,82.48933185,1.406347004,0.331634915,1,FN
18.8515625,27.89995795,6.442400642,45.41388046,154.7968227,67.85918695,-0.349759232,-0.790003375,1,FN
48.5078125,34.13255321,3.957364247,19.7776566,66.5326087,86.29018732,0.942294255,-0.611597645,1,FN
105.4765625,51.41314959,0.790846128,0.664687455,126.8695652,101.3617633,-0.263047959,-1.731313469,1,FN
57.9921875,35.42432429,2.555852081,9.774398141,30.82274247,64.77966529,1.865224083,1.928576186,0,FP
70.0234375,35.22305372,2.184605065,7.169871305,13.12625418,37.04616048,2.834075696,7.331604343,0,FP
97.9609375,51.91600824,0.608531646,0.236163272,9.275083612,38.05800556,4.252712817,17.4604517,1,FN
96.0703125,74.56008311,0.703671126,-0.96008249,10.63461538,35.09606176,3.711222329,14.28225887,1,FN
8.2421875,31.03494656,7.005739422,49.67224062,137.8528428,67.04329019,-0.062367311,-1.092932703,1,FN
53.6484375,26.42932493,3.804691916,25.79331793,75.7006689,84.41726689,0.47445706,-1.392164883,1,FN
102.46875,35.34714838,1.118794002,3.86018177,42.4138796,73.95063056,1.389508736,0.351528273,1,FN
37.1171875,30.67129692,4.628307635,28.67564049,66.0,86.28454909,0.953253597,-0.641793743,1,FN
21.7265625,32.54461237,5.72888015,33.54114171,159.1346154,84.21124957,-0.477637589,-1.313405271,1,FN
85.203125,47.06484214,0.933205992,1.434064798,91.40133779,94.73403784,0.252604354,-1.714326737,1,FN
83.7734375,52.27903124,1.206697886,1.630834374,97.37374582,90.90552419,0.13263871,-1.683188346,1,FN
93.2578125,44.82173826,0.572260442,0.740391599,1.834448161,12.06238039,11.71872454,190.6753705,1,FN
81.71875,52.87528627,1.482040802,1.538288907,170.6563545,80.76560786,-1.002569924,-0.280000774,1,FN
45.84375,47.77051874,2.407526193,6.020923898,62.85869565,66.70786358,0.65555651,-0.486788474,0,FP
52.0234375,50.46881228,2.375169291,5.771464677,29.13795987,68.68485199,2.061462207,2.494643915,0,FP
107.234375,37.53924704,0.460121636,1.754737076,3.366220736,22.62552491,8.092202918,70.84555141,1,FN
85.5625,62.43180655,0.934045726,0.007399074,156.7282609,93.78110269,-0.648924065,-1.21364414,1,FN
56.390625,40.09621911,2.66490404,9.255957956,176.0225753,61.95182608,-1.031354106,-0.330926406,0,FP
107.8984375,41.161048,0.237448562,0.781973354,1.703177258,15.46534663,11.46304278,148.4341533,1,FN
90.5703125,54.4532029,1.238811579,0.880609879,152.4197324,73.97177722,-0.933087708,-0.371531583,1,FN
92.4765625,57.86676033,1.2410772,0.934113669,151.4439799,81.29723349,-0.720683089,-0.713867955,1,FN
84.0546875,51.99208302,0.818566414,0.037857783,158.0008361,95.23927357,-0.799085173,-1.044223249,1,FN
105.3125,41.73423168,0.842887995,1.583587725,56.20317726,75.99873276,0.858483317,-0.881895627,1,FN
112.3046875,47.30148627,0.459259767,0.140740746,60.25501672,88.66722773,1.075924695,-0.437491128,1,FN
16.25,33.43276836,5.908288243,36.05141332,149.9021739,71.8878467,-0.21893998,-1.085186937,1,FN
40.4375,30.46456702,4.354420379,24.50060234,82.27173913,85.75447513,0.653983696,-0.964320987,1,FN
28.4296875,33.72816043,5.307001514,30.67276779,139.5928094,80.98272194,-0.239599914,-1.28907553,1,FN
105.4140625,47.06752585,0.877089025,0.891877313,67.65802676,89.16846037,0.708236991,-1.273889537,1,FN
100.609375,40.36169176,0.423364118,1.25980291,0.722408027,9.549109095,19.07499425,446.0699191,1,FN
76.5078125,55.00269824,1.77634624,2.583850808,112.0978261,98.19647714,-0.133006897,-1.826204713,1,FN
85.421875,40.9633238,1.196993026,3.822059343,14.96070234,48.12052136,3.179577139,8.903374507,1,FN
54.4140625,32.63637908,3.140457942,15.94178552,91.65384615,75.6279105,0.207211623,-0.940666886,1,FN
30.5234375,30.16257119,4.775271827,27.99670281,116.6897993,79.56794868,-0.11736604,-1.003246153,1,FN
95.1484375,46.66856039,1.054643907,1.925756371,99.30602007,102.4645709,0.273439843,-1.757864752,1,FN
89.8671875,47.48229458,1.591325272,2.505056516,0.763377926,12.39356141,17.94074456,333.9026305,1,FN
27.0390625,33.75472243,4.779123745,26.25535718,129.8637124,78.8154399,-0.348492115,-0.893790697,1,FN
28.375,27.64931057,6.377272815,45.94404838,141.8603679,82.89301685,-0.477222296,-1.067880312,1,FN
111.765625,52.94358501,0.671723986,0.383593933,149.8436455,97.92694773,-0.696153414,-1.260402813,1,FN
