Candidate,Profile Mean,Profile STDEV,Profile Skew,Profile Kurt,DM Mean,DM STDEV,DM Skew,DM Kurt
/home/bhaswati/28_046_6may2k15_pfds/28_046_6may2k15_pfds/index57961HR_1946-51_IA_search_DM12.200_ACCEL_50_ACCEL_Cand_61.pfd,103.091834891,60.0353756597,0.778864101444,0.2769855954,0.884020388126,0.331673741341,1.4116544716,1.15769255778
/home/bhaswati/28_046_6may2k15_pfds/28_046_6may2k15_pfds/index1210HR_1946-51_IA_search_DM389.20_ACCEL_50_ACCEL_Cand_10.pfd,98.296114563,59.7340689394,0.860436447618,0.244646844342,58.5629692078,73.802734375,1.29055122333,0.284753489931
/home/bhaswati/28_046_6may2k15_pfds/28_046_6may2k15_pfds/index48618HR_1946-51_IA_search_DM84.100_ACCEL_50_ACCEL_Cand_18.pfd,104.840492746,63.1555053177,0.716101560288,-0.331472667332,1.48865604401,0.469084233046,0.432365650525,-1.04841111481
/home/bhaswati/28_046_6may2k15_pfds/28_046_6may2k15_pfds/index926100HR_2003-51_IA_search_DM1.860_ACCEL_50_ACCEL_Cand_100.pfd,75.879921727,84.8437712461,1.37463848964,0.464004309534,0.561703503132,0.315180659294,0.444066462024,-0.223977512721
/home/bhaswati/28_046_6may2k15_pfds/28_046_6may2k15_pfds/index535HR_1543-53_IA_search_DM51.600_ACCEL_50_ACCEL_Cand_5.pfd,96.6072973506,55.8828737284,0.790149466651,0.323578203814,1.09985232353,0.301700025797,1.2190974108,1.3813771716
/home/bhaswati/28_046_6may2k15_pfds/28_046_6may2k15_pfds/index83560HR_1808-53_IA_search_DM2.820_ACCEL_50_ACCEL_Cand_60.pfd,109.318413428,71.1973547377,0.69374057853,-0.729883968889,4.21557998657,2.35667514801,0.407065156837,-1.16160583708
/home/bhaswati/28_046_6may2k15_pfds/28_046_6may2k15_pfds/index641119HR_1750-53_IA_search_DM2.000_ACCEL_50_ACCEL_Cand_119.pfd,92.7920538445,100.827865586,0.710313262987,-1.36166556525,2.69010591507,0.723362922668,0.156952005535,-0.511331302482
/home/bhaswati/28_046_6may2k15_pfds/28_046_6may2k15_pfds/index48557HR_1946-51_IA_search_DM5.790_ACCEL_50_ACCEL_Cand_57.pfd,86.4337518037,63.0346654711,0.850857647533,-0.0939303690646,2.64272212982,0.635951578617,0.53337552316,-0.0582690791294
/home/bhaswati/28_046_6may2k15_pfds/28_046_6may2k15_pfds/index22HR_1708-52_IA_search_DM436.50_ACCEL_50_ACCEL_Cand_2.pfd,113.438096867,60.6215693017,0.679421895757,-0.110693962065,30.6327438354,15.1567811966,0.00746862104581,-1.10298050051
/home/bhaswati/28_046_6may2k15_pfds/28_046_6may2k15_pfds/index1513HR_1750-53_IA_search_DM3.840_ACCEL_50_ACCEL_Cand_3.pfd,96.4222780985,79.5261327543,0.768800574987,-0.821520521116,268.094696045,226.26133728,0.426141548579,-1.36434613589
/home/bhaswati/28_046_6may2k15_pfds/28_046_6may2k15_pfds/index3139HR_1808-53_IA_search_DM190.70_ACCEL_50_ACCEL_Cand_39.pfd,97.2828014409,65.9275224805,1.06469481459,-0.0812831393071,13.7146167755,11.2183551788,1.28102497353,0.435372167976
/home/bhaswati/28_046_6may2k15_pfds/28_046_6may2k15_pfds/index23910HR_1759-53_IA_search_DM18.240_ACCEL_50_ACCEL_Cand_10.pfd,86.9873132261,76.5069872514,0.809893126156,-0.752320943389,14.1098384857,9.02659797668,1.19213615469,0.566630557256
/home/bhaswati/28_046_6may2k15_pfds/28_046_6may2k15_pfds/index21821HR_1559-44_IA_search_DM2.680_ACCEL_50_ACCEL_Cand_21.pfd,93.479220933,74.0645809023,0.843365852397,-0.660400427895,30.0038909912,32.5940704346,1.86746602087,2.52175994886
/home/bhaswati/28_046_6may2k15_pfds/28_046_6may2k15_pfds/index3412HR_1708-52_IA_search_DM110.50_ACCEL_50_ACCEL_Cand_12.pfd,77.03629917,39.7759626196,1.42077110761,4.89262536108,2.30875325203,1.46774792671,2.98074469973,10.0938587532
/home/bhaswati/28_046_6may2k15_pfds/28_046_6may2k15_pfds/index2651HR_1947-43_IA_search_DM86.350_ACCEL_50_ACCEL_Cand_1.pfd,96.1755835522,77.187281243,0.657830105544,-0.839105947975,12.9581394196,5.06682300568,0.696840701802,-0.84519444846
/home/bhaswati/28_046_6may2k15_pfds/28_046_6may2k15_pfds/index6731HR_2003-51_IA_search_DM440.50_ACCEL_50_ACCEL_Cand_31.pfd,92.640838169,52.2783162962,0.9727713903,0.972074128848,2.91322731972,0.79779946804,0.436413154031,-0.735523442583
/home/bhaswati/28_046_6may2k15_pfds/28_046_6may2k15_pfds/index678HR_1708-52_IA_search_DM33.525_ACCEL_50_ACCEL_Cand_8.pfd,99.8498680063,66.2222494678,0.653729071723,-0.808807114809,9.8123960495,5.13107967377,0.498736936977,-0.822081345553
/home/bhaswati/28_046_6may2k15_pfds/28_046_6may2k15_pfds/index115551HR_1808-53_IA_search_DM25.570_ACCEL_50_ACCEL_Cand_51.pfd,92.350356472,88.5058750957,0.699632521634,-0.689634055733,1.52383732796,0.720013141632,0.082177465162,-0.636285996485
/home/bhaswati/28_046_6may2k15_pfds/28_046_6may2k15_pfds/index69HR_2012-51_IA_search_DM154.10_ACCEL_50_ACCEL_Cand_9.pfd,93.0648945384,71.3841928114,1.02882004142,-0.0173416038511,41.3297958374,49.0658187866,2.26049068528,4.48337737825
/home/bhaswati/28_046_6may2k15_pfds/28_046_6may2k15_pfds/index74821HR_1938-51_IA_search_DM247.70_ACCEL_50_ACCEL_Cand_21.pfd,102.676356826,47.8846888609,0.935546868223,1.90745188475,1.08662128448,0.372511088848,0.770393163261,0.195267648034
/home/bhaswati/28_046_6may2k15_pfds/28_046_6may2k15_pfds/index1322HR_1559-44_IA_search_DM5.240_ACCEL_50_ACCEL_Cand_2.pfd,100.21496122,74.4307050854,0.71485478858,-0.647252607572,75.8426818848,48.4761047363,0.390554851663,-1.3605194722
/home/bhaswati/28_046_6may2k15_pfds/28_046_6may2k15_pfds/index69HR_1456-48_IA_search_DM397.20_ACCEL_50_ACCEL_Cand_9.pfd,94.4558777168,66.572628459,0.719441866917,-0.517022855907,34.0054550171,31.9852313995,1.57701185322,1.51179258147
/home/bhaswati/28_046_6may2k15_pfds/28_046_6may2k15_pfds/index224HR_1559-44_IA_search_DM57.000_ACCEL_50_ACCEL_Cand_4.pfd,79.8113174357,82.52765486,0.932172766622,-0.633967879117,68.8561019897,128.354400635,2.05059854656,2.87936760926
/home/bhaswati/28_046_6may2k15_pfds/28_046_6may2k15_pfds/index17272HR_1947-43_IA_search_DM3.770_ACCEL_50_ACCEL_Cand_72.pfd,96.7413739473,75.53406396,0.876235682766,-0.533518991028,213.814407349,126.737388611,-0.0608548767266,-1.41929415209
/home/bhaswati/28_046_6may2k15_pfds/28_046_6may2k15_pfds/index2753HR_1750-53_IA_search_DM3.990_ACCEL_50_ACCEL_Cand_3.pfd,102.919564222,74.9978564613,0.680064395469,-0.752406184505,465.324890137,189.274139404,-0.417778374322,-0.600017567176
/home/bhaswati/28_046_6may2k15_pfds/28_046_6may2k15_pfds/index151HR_1559-44_IA_search_DM67.800_ACCEL_50_ACCEL_Cand_1.pfd,73.5677468113,88.2358074,0.848891736839,-0.981671257493,929.449951172,1337.74023438,2.25592624295,4.72297028092
/home/bhaswati/28_046_6may2k15_pfds/28_046_6may2k15_pfds/index93993HR_2003-51_IA_search_DM2.000_ACCEL_50_ACCEL_Cand_93.pfd,94.9802012864,81.9508981851,0.909330207273,-0.216294210077,0.836388528347,0.624495744705,0.503380498247,-1.3223635767
/home/bhaswati/28_046_6may2k15_pfds/28_046_6may2k15_pfds/index13HR_1808-53_IA_search_DM424.50_ACCEL_50_ACCEL_Cand_3.pfd,87.298761087,66.9212610942,0.917445437295,0.140621521283,120.962654114,128.845352173,1.04925417366,-0.580150803844
/home/bhaswati/28_046_6may2k15_pfds/28_046_6may2k15_pfds/index53018HR_2012-51_IA_search_DM65.900_ACCEL_50_ACCEL_Cand_18.pfd,94.9505841216,55.4554267486,0.666556390455,0.061667776531,1.40686237812,0.473270058632,0.327509146946,-1.12057855495
/home/bhaswati/28_046_6may2k15_pfds/28_046_6may2k15_pfds/index1121HR_1946-51_IA_search_DM148.00_ACCEL_50_ACCEL_Cand_21.pfd,95.7960750465,64.4642738941,0.766238372501,-0.401187054107,52.924243927,85.3799133301,2.44533642004,4.97319510029
/home/bhaswati/28_046_6may2k15_pfds/28_046_6may2k15_pfds/index5218HR_1708-52_IA_search_DM105.80_ACCEL_50_ACCEL_Cand_18.pfd,80.5098568762,53.0150216049,1.33966076629,1.9286500052,1.48084425926,0.425765007734,0.51574755687,-0.113055801375
/home/bhaswati/28_046_6may2k15_pfds/28_046_6may2k15_pfds/index29712HR_2012-51_IA_search_DM26.425_ACCEL_50_ACCEL_Cand_12.pfd,100.935925293,75.8632071728,0.660668910102,-0.873577049283,44.6225776672,12.8555765152,-0.0979694176177,-0.876709763159
/home/bhaswati/28_046_6may2k15_pfds/28_046_6may2k15_pfds/index1295HR_1759-53_IA_search_DM22.090_ACCEL_50_ACCEL_Cand_5.pfd,95.9789651788,78.9065199286,0.675940945948,-1.00575047725,52.1466255188,44.9241638184,1.06750406007,0.0264385011723
/home/bhaswati/28_046_6may2k15_pfds/28_046_6may2k15_pfds/index54299HR_1456-48_IA_search_DM3.680_ACCEL_50_ACCEL_Cand_99.pfd,108.543354472,69.4704751754,0.663063797697,-0.578584870696,1.90221714973,0.647249996662,0.296964555818,0.585933629914
/home/bhaswati/28_046_6may2k15_pfds/28_046_6may2k15_pfds/index34610HR_1955-513_IA_search_DM21.580_ACCEL_50_ACCEL_Cand_10.pfd,94.6919467028,82.7392728916,0.68528841059,-1.15347498009,34.7556915283,24.0193576813,0.407832631479,-1.10103062399
/home/bhaswati/28_046_6may2k15_pfds/28_046_6may2k15_pfds/index61132HR_1946-51_IA_search_DM24.060_ACCEL_50_ACCEL_Cand_32.pfd,97.4604861834,60.9393846032,0.732868093918,0.0137003643768,1.58283627033,0.442301750183,1.12996331115,0.953248658007
/home/bhaswati/28_046_6may2k15_pfds/28_046_6may2k15_pfds/index923HR_2012-51_IA_search_DM433.00_ACCEL_50_ACCEL_Cand_23.pfd,100.987559543,62.2704221322,0.743151712459,0.194402662251,9.22866821289,6.9166021347,1.89251611692,2.71887556993
/home/bhaswati/28_046_6may2k15_pfds/28_046_6may2k15_pfds/index17338HR_1947-43_IA_search_DM5.230_ACCEL_50_ACCEL_Cand_38.pfd,88.4079422184,83.4044489243,0.85024852792,-0.839739922042,122.435935974,109.61894989,0.73163585981,-0.948548619778
/home/bhaswati/28_046_6may2k15_pfds/28_046_6may2k15_pfds/index3121HR_1938-51_IA_search_DM85.450_ACCEL_50_ACCEL_Cand_1.pfd,104.261263567,52.818680997,1.25192785394,1.33028458691,6.74918937683,2.74345827103,0.688783454336,-0.826830167436
/home/bhaswati/28_046_6may2k15_pfds/28_046_6may2k15_pfds/index1916HR_1750-53_IA_search_DM287.60_ACCEL_50_ACCEL_Cand_16.pfd,88.4932528493,55.9071930952,0.818737950766,0.551406067985,5.00556230545,1.94934237003,1.15531153806,2.04910361362
/home/bhaswati/28_046_6may2k15_pfds/28_046_6may2k15_pfds/index2681HR_2012-51_IA_search_DM189.80_ACCEL_50_ACCEL_Cand_1.pfd,101.165611799,65.7245276384,0.692095296604,-0.402400799763,7.9658164978,3.22518897057,0.95369487414,-0.145720964381
/home/bhaswati/28_046_6may2k15_pfds/28_046_6may2k15_pfds/index359HR_1559-44_IA_search_DM56.250_ACCEL_50_ACCEL_Cand_9.pfd,89.7650373967,81.5902533576,0.752731995989,-0.883635690781,37.8604736328,67.5275650024,1.95668200379,2.43016400836
/home/bhaswati/28_046_6may2k15_pfds/28_046_6may2k15_pfds/index2701HR_2012-51_IA_search_DM391.60_ACCEL_50_ACCEL_Cand_1.pfd,90.9730592324,55.95089178,0.766941370507,0.339213610822,5.10409879684,2.09598827362,0.32492422307,-1.45461645871
/home/bhaswati/28_046_6may2k15_pfds/28_046_6may2k15_pfds/index77HR_1759-53_IA_search_DM179.60_ACCEL_50_ACCEL_Cand_7.pfd,92.1193575986,65.192451921,0.696840515851,-0.228341191069,21.6996841431,20.5151309967,1.0609321937,-0.484360079101
/home/bhaswati/28_046_6may2k15_pfds/28_046_6may2k15_pfds/index365HR_1559-44_IA_search_DM56.800_ACCEL_50_ACCEL_Cand_5.pfd,72.6659143207,79.4371911733,1.08981063562,-0.282124200386,98.7686920166,144.540527344,1.51553695251,0.927237567555
/home/bhaswati/28_046_6may2k15_pfds/28_046_6may2k15_pfds/index48127HR_1759-53_IA_search_DM221.10_ACCEL_50_ACCEL_Cand_27.pfd,95.2550641346,57.1702198693,0.791754317148,0.792675062099,1.02659642696,0.346293121576,0.752830402666,-0.0263972159655
/home/bhaswati/28_046_6may2k15_pfds/28_046_6may2k15_pfds/index8849HR_1559-44_IA_search_DM3.400_ACCEL_50_ACCEL_Cand_49.pfd,96.9263785595,67.2986337555,0.842268281687,-0.33984744844,26.119386673,18.8588905334,0.467165300954,-1.31328203562
/home/bhaswati/28_046_6may2k15_pfds/28_046_6may2k15_pfds/index34843HR_1759-53_IA_search_DM15.170_ACCEL_50_ACCEL_Cand_43.pfd,88.0005423641,55.8879567474,0.683725261075,-0.244055741147,3.94264292717,1.72065854073,0.286620965331,-1.01968992097
/home/bhaswati/28_046_6may2k15_pfds/28_046_6may2k15_pfds/index1510HR_1946-51_IA_search_DM334.00_ACCEL_50_ACCEL_Cand_10.pfd,96.514341171,55.3655668807,0.750469992158,0.320959539663,14.7910861969,5.15509319305,0.466622293803,-0.391564002344
/home/bhaswati/28_046_6may2k15_pfds/28_046_6may2k15_pfds/index43648HR_2012-51_IA_search_DM9.880_ACCEL_50_ACCEL_Cand_48.pfd,93.3720286631,68.3556574473,1.02562664568,-0.0991517094895,5.45105171204,3.06902551651,0.683298710296,-0.963072454515
/home/bhaswati/28_046_6may2k15_pfds/28_046_6may2k15_pfds/index1813HR_1759-53_IA_search_DM198.70_ACCEL_50_ACCEL_Cand_13.pfd,100.908617622,62.0902393955,0.792801646696,-0.501635488461,16.1515769958,9.59344673157,-0.0774368382721,-1.77132765898
/home/bhaswati/28_046_6may2k15_pfds/28_046_6may2k15_pfds/index2322HR_1947-43_IA_search_DM179.10_ACCEL_50_ACCEL_Cand_2.pfd,100.766676719,64.9758691358,0.85634646826,-0.260316600376,25.5009384155,13.0607509613,-0.345521561689,-1.36348170606
/home/bhaswati/28_046_6may2k15_pfds/28_046_6may2k15_pfds/index65998HR_1946-51_IA_search_DM5.140_ACCEL_50_ACCEL_Cand_98.pfd,110.271569096,75.2942287362,0.717931848707,-0.507828899831,1.21381235123,0.613494455814,-0.0551597427965,-0.78533616784
/home/bhaswati/28_046_6may2k15_pfds/28_046_6may2k15_pfds/index89985HR_2003-51_IA_search_DM6.280_ACCEL_50_ACCEL_Cand_85.pfd,85.5252504894,87.5653789974,1.09474789297,-0.308600957289,1.26698422432,0.612874031067,-0.0824409116636,-1.10351025685
/home/bhaswati/28_046_6may2k15_pfds/28_046_6may2k15_pfds/index14515HR_1456-48_IA_search_DM453.50_ACCEL_50_ACCEL_Cand_15.pfd,91.1624568263,55.1453317481,0.817091790205,0.761565396919,0.978832185268,0.160414949059,0.280094864175,0.201828981175
/home/bhaswati/28_046_6may2k15_pfds/28_046_6may2k15_pfds/index1064HR_1559-44_IA_search_DM89.900_ACCEL_50_ACCEL_Cand_4.pfd,101.86633168,46.8786631384,0.869897905223,0.950570720986,2.14213633537,0.602326512337,-0.415123331427,-1.16697835319
/home/bhaswati/28_046_6may2k15_pfds/28_046_6may2k15_pfds/index23212HR_1946-51_IA_search_DM84.200_ACCEL_50_ACCEL_Cand_12.pfd,104.80293712,46.1190415164,0.688198888415,0.754024282371,2.20638394356,0.773124992847,0.100288655634,-1.17598077519
/home/bhaswati/28_046_6may2k15_pfds/28_046_6may2k15_pfds/index3592HR_1708-52_IA_search_DM208.10_ACCEL_50_ACCEL_Cand_2.pfd,108.191531053,54.2184227242,0.720582348134,0.391319506799,2.14859199524,0.525459229946,0.510396972542,-0.721801244086
/home/bhaswati/28_046_6may2k15_pfds/28_046_6may2k15_pfds/index80468HR_1808-53_IA_search_DM4.820_ACCEL_50_ACCEL_Cand_68.pfd,85.9927311566,63.5550026631,0.699548999568,-0.401791238018,2.56476402283,1.04813766479,0.0974625404793,-1.19775481883
/home/bhaswati/28_046_6may2k15_pfds/28_046_6may2k15_pfds/index194HR_1559-44_IA_search_DM57.650_ACCEL_50_ACCEL_Cand_4.pfd,80.7595516045,84.5282756436,0.885255577536,-0.743822683788,93.0471115112,178.243118286,2.25094808038,3.93853969819
/home/bhaswati/28_046_6may2k15_pfds/28_046_6may2k15_pfds/index2075HR_1947-43_IA_search_DM254.60_ACCEL_50_ACCEL_Cand_5.pfd,108.19287761,59.5056199343,0.836698101988,0.0133907304591,38.3859481812,18.8226127625,0.734587213933,-0.644302059105
/home/bhaswati/28_046_6may2k15_pfds/28_046_6may2k15_pfds/index1613HR_1456-48_IA_search_DM253.40_ACCEL_50_ACCEL_Cand_13.pfd,96.8666443494,55.5759160422,0.762832555001,0.630201777335,15.6572446823,13.2752227783,1.77305997856,1.81623610163
/home/bhaswati/28_046_6may2k15_pfds/28_046_6may2k15_pfds/index283HR_1559-44_IA_search_DM55.100_ACCEL_50_ACCEL_Cand_3.pfd,80.8576677559,84.8684229674,0.983717477446,-0.588101671736,137.487747192,207.6355896,1.62666867208,1.3536787501
/home/bhaswati/28_046_6may2k15_pfds/28_046_6may2k15_pfds/index5896HR_1456-48_IA_search_DM385.40_ACCEL_50_ACCEL_Cand_6.pfd,91.5908921038,48.0888370536,0.680008918693,0.68992804943,1.50168275833,0.496378540993,-0.0468368901054,-1.19834262431
/home/bhaswati/28_046_6may2k15_pfds/28_046_6may2k15_pfds/index2415HR_1750-53_IA_search_DM356.00_ACCEL_50_ACCEL_Cand_15.pfd,90.8511496144,58.000389591,0.771308391917,0.22854517492,3.9930768013,1.67488062382,0.377319536475,-1.09592010031
/home/bhaswati/28_046_6may2k15_pfds/28_046_6may2k15_pfds/index1202119HR_1808-53_IA_search_DM1.860_ACCEL_50_ACCEL_Cand_119.pfd,92.0006476247,88.3268029805,0.772767161083,-0.73279560881,2.66754722595,0.865155637264,1.00114936578,1.21332815708
/home/bhaswati/28_046_6may2k15_pfds/28_046_6may2k15_pfds/index104615HR_1808-53_IA_search_DM158.60_ACCEL_50_ACCEL_Cand_15.pfd,96.2388035866,59.2938822953,0.856122144883,0.562057045581,1.0242241621,0.278160721064,0.122972217558,-0.837134026881
/home/bhaswati/28_046_6may2k15_pfds/28_046_6may2k15_pfds/index86HR_2012-51_IA_search_DM368.80_ACCEL_50_ACCEL_Cand_6.pfd,98.3043970854,54.3622778227,0.710767052193,0.495249598466,14.4200391769,13.8179712296,2.11221052314,3.59447366824
/home/bhaswati/28_046_6may2k15_pfds/28_046_6may2k15_pfds/index47643HR_1759-53_IA_search_DM2.940_ACCEL_50_ACCEL_Cand_43.pfd,97.4275212347,78.6774863666,0.742569644585,-0.802826839335,9.30274772644,1.21885156631,-0.388229373808,-0.997638361114
/home/bhaswati/28_046_6may2k15_pfds/28_046_6may2k15_pfds/index1249181HR_1808-53_IA_search_DM1.850_ACCEL_50_ACCEL_Cand_181.pfd,100.657880264,80.126882906,0.832006002651,-0.259886238179,1.36895084381,1.09984099865,0.642261425238,-0.960439237012
/home/bhaswati/28_046_6may2k15_pfds/28_046_6may2k15_pfds/index27474HR_1759-53_IA_search_DM5.930_ACCEL_50_ACCEL_Cand_74.pfd,89.9924660207,56.6635675875,0.892593243673,0.423388793031,1.13997280598,0.213233307004,0.133784642097,-0.565690232769
/home/bhaswati/28_046_6may2k15_pfds/28_046_6may2k15_pfds/index627128HR_1808-53_IA_search_DM5.220_ACCEL_50_ACCEL_Cand_128.pfd,88.0894715181,44.3321610767,0.715804290104,1.54104476466,1.10741901398,0.19785374403,0.126171362641,-0.320404023167
/home/bhaswati/28_046_6may2k15_pfds/28_046_6may2k15_pfds/index127756HR_1808-53_IA_search_DM20.640_ACCEL_50_ACCEL_Cand_56.pfd,96.4885995198,112.964215217,0.658059574773,-1.5,1.26904892921,0.987737357616,1.15627478767,0.72264054452
/home/bhaswati/28_046_6may2k15_pfds/28_046_6may2k15_pfds/index19731HR_1955-513_IA_search_DM443.50_ACCEL_50_ACCEL_Cand_31.pfd,93.3287829968,47.2257711153,0.903335688222,0.95392098387,1.36183774471,0.204106077552,-0.085448119406,-0.635239740532
/home/bhaswati/28_046_6may2k15_pfds/28_046_6may2k15_pfds/index2661HR_1947-43_IA_search_DM87.400_ACCEL_50_ACCEL_Cand_1.pfd,85.2512428889,76.7198400331,1.0076740728,-0.425509288676,23.1179294586,10.7127017975,0.399974999212,-1.04587382493
/home/bhaswati/28_046_6may2k15_pfds/28_046_6may2k15_pfds/index1221102HR_1808-53_IA_search_DM1.850_ACCEL_50_ACCEL_Cand_102.pfd,93.03728441,89.2159158939,0.675330862665,-0.844295340865,3.52034425735,1.52249014378,0.314345841122,0.184713432228
/home/bhaswati/28_046_6may2k15_pfds/28_046_6may2k15_pfds/index231HR_1543-53_IA_search_DM35.225_ACCEL_50_ACCEL_Cand_1.pfd,32.5882996682,34.3932703301,4.71684774524,25.8332016967,3.98572731018,3.9520149231,2.38968851479,5.53307969053
/home/bhaswati/28_046_6may2k15_pfds/28_046_6may2k15_pfds/index131HR_1559-44_IA_search_DM41.725_ACCEL_50_ACCEL_Cand_1.pfd,77.3742438532,81.5246991268,0.661611392501,-1.1137645935,273.921051025,605.257751465,3.34310304175,11.3040408927
/home/bhaswati/28_046_6may2k15_pfds/28_046_6may2k15_pfds/index33126HR_1808-53_IA_search_DM419.50_ACCEL_50_ACCEL_Cand_26.pfd,94.488120968,48.950122223,0.70007990047,1.00144712158,1.22196650505,0.227276816964,0.539771309204,0.122941117167
/home/bhaswati/28_046_6may2k15_pfds/28_046_6may2k15_pfds/index64121HR_1955-513_IA_search_DM393.00_ACCEL_50_ACCEL_Cand_21.pfd,100.764750132,53.4044978184,0.801119220401,0.37421991736,1.56730723381,0.502102553844,-0.0358264410087,-1.05171039248
/home/bhaswati/28_046_6may2k15_pfds/28_046_6may2k15_pfds/index960107HR_2003-51_IA_search_DM1.040_ACCEL_50_ACCEL_Cand_107.pfd,88.8348661336,117.590327637,0.702033871811,-1.5,1.9917974472,1.23861014843,0.588641104649,0.107428124865
/home/bhaswati/28_046_6may2k15_pfds/28_046_6may2k15_pfds/index1702HR_1559-44_IA_search_DM85.450_ACCEL_50_ACCEL_Cand_2.pfd,97.417348109,54.5172773443,0.923812797903,0.609365790546,4.85467147827,1.87513756752,0.361160836952,-1.08605506454
/home/bhaswati/28_046_6may2k15_pfds/28_046_6may2k15_pfds/index121140HR_1808-53_IA_search_DM14.870_ACCEL_50_ACCEL_Cand_40.pfd,81.5242141831,94.7058409554,0.883606997581,-0.85034073786,3.08869743347,2.14897203445,0.584098745348,-1.13252400466
/home/bhaswati/28_046_6may2k15_pfds/28_046_6may2k15_pfds/index3421HR_1750-53_IA_search_DM167.80_ACCEL_50_ACCEL_Cand_1.pfd,73.638022335,57.07336658,1.16353377008,1.44084096373,4.67083358765,1.64051449299,0.688909219283,-0.931787010122
/home/bhaswati/28_046_6may2k15_pfds/28_046_6may2k15_pfds/index54HR_1759-53_IA_search_DM204.40_ACCEL_50_ACCEL_Cand_4.pfd,101.758709412,65.4166954942,0.680643762769,-0.265168230793,36.7081718445,45.9715766907,1.67644242871,1.51951083311
/home/bhaswati/28_046_6may2k15_pfds/28_046_6may2k15_pfds/index43726HR_2003-51_IA_search_DM16.930_ACCEL_50_ACCEL_Cand_26.pfd,105.477939895,72.0240594032,0.699466071474,-0.91311385849,57.991104126,31.7675685883,0.505216058878,-0.724604719047
/home/bhaswati/28_046_6may2k15_pfds/28_046_6may2k15_pfds/index100141HR_1808-53_IA_search_DM1.230_ACCEL_50_ACCEL_Cand_41.pfd,103.957118132,80.9747281958,0.762383040798,-0.947339852121,12.2812252045,1.29900157452,0.292311317892,-1.05513405566
/home/bhaswati/28_046_6may2k15_pfds/28_046_6may2k15_pfds/index1717HR_1750-53_IA_search_DM236.20_ACCEL_50_ACCEL_Cand_17.pfd,91.1086987716,57.4558543074,0.679057966019,-0.0697112190082,10.4246292114,7.82221508026,0.755501596771,-0.644522200257
/home/bhaswati/28_046_6may2k15_pfds/28_046_6may2k15_pfds/index2658HR_1559-44_IA_search_DM3.420_ACCEL_50_ACCEL_Cand_8.pfd,95.6087435342,79.171727957,0.686948906163,-1.0739333798,16.3566379547,7.69388198853,0.236471743954,-1.31296184492
/home/bhaswati/28_046_6may2k15_pfds/28_046_6may2k15_pfds/index32389HR_1559-44_IA_search_DM1.260_ACCEL_50_ACCEL_Cand_89.pfd,109.575515396,69.8260510042,0.669125004921,-0.83374088462,5.05191516876,2.71197104454,-0.118860345116,-1.35638328379
/home/bhaswati/28_046_6may2k15_pfds/28_046_6may2k15_pfds/index80376HR_1938-51_IA_search_DM6.480_ACCEL_50_ACCEL_Cand_76.pfd,101.769038724,87.6161382111,0.657757369362,-1.05786094051,1.62191426754,1.01321566105,0.744511425687,-0.738640801856
/home/bhaswati/28_046_6may2k15_pfds/28_046_6may2k15_pfds/index3841HR_1759-53_IA_search_DM30.825_ACCEL_50_ACCEL_Cand_1.pfd,69.1262244168,76.878875991,1.37439680515,0.302794318907,14.2683382034,12.6367769241,0.819052070142,-0.471918147577
/home/bhaswati/28_046_6may2k15_pfds/28_046_6may2k15_pfds/index115734HR_1808-53_IA_search_DM47.350_ACCEL_50_ACCEL_Cand_34.pfd,93.2417314338,81.8646410878,0.979056468626,-0.131386570454,0.751592934132,0.533557653427,1.07024188983,0.789852491433
/home/bhaswati/28_046_6may2k15_pfds/28_046_6may2k15_pfds/index919110HR_2003-51_IA_search_DM1.710_ACCEL_50_ACCEL_Cand_110.pfd,79.95981876,88.5838378534,1.0200253949,-0.232822454804,1.8106623888,1.0639744997,0.157671945513,-1.04512821547
/home/bhaswati/28_046_6may2k15_pfds/28_046_6may2k15_pfds/index85430HR_2003-51_IA_search_DM42.750_ACCEL_50_ACCEL_Cand_30.pfd,96.031616663,56.6393748821,0.730004577519,0.874943999566,1.10711169243,0.516190648079,1.27459861398,0.590790595618
/home/bhaswati/28_046_6may2k15_pfds/28_046_6may2k15_pfds/index40542HR_1947-43_IA_search_DM2.960_ACCEL_50_ACCEL_Cand_42.pfd,101.948604945,77.4547237644,0.707707929496,-1.00688903328,112.942718506,58.3413200378,0.371918732884,0.417432374243
/home/bhaswati/28_046_6may2k15_pfds/28_046_6may2k15_pfds/index418HR_1559-44_IA_search_DM56.250_ACCEL_50_ACCEL_Cand_8.pfd,73.5079761874,79.4312636257,1.03858673565,-0.347901236969,76.7523956299,110.386062622,1.41967280565,0.578154786672
/home/bhaswati/28_046_6may2k15_pfds/28_046_6may2k15_pfds/index123393HR_1808-53_IA_search_DM1.960_ACCEL_50_ACCEL_Cand_93.pfd,93.742167287,87.9736421169,0.689912430887,-0.752513421668,4.64272165298,1.95825827122,0.356085022482,-0.742084338082
/home/bhaswati/28_046_6may2k15_pfds/28_046_6may2k15_pfds/index47417HR_2012-51_IA_search_DM12.180_ACCEL_50_ACCEL_Cand_17.pfd,103.735578055,78.1974231497,0.654107992279,-1.02040426481,33.3637084961,16.9261054993,0.104881945489,-1.47157319814
/home/bhaswati/28_046_6may2k15_pfds/28_046_6may2k15_pfds/index77120HR_1955-513_IA_search_DM42.350_ACCEL_50_ACCEL_Cand_20.pfd,107.329767705,80.1063335465,0.677484940433,-0.838749710423,0.651504456997,0.246358811855,0.0122424612154,-0.807420455079
/home/bhaswati/28_046_6may2k15_pfds/28_046_6may2k15_pfds/index5416HR_1708-52_IA_search_DM105.50_ACCEL_50_ACCEL_Cand_16.pfd,98.7646797654,56.1396767732,0.816606190151,0.177125429745,1.33302640915,0.406374752522,0.953629275857,0.355164157858
/home/bhaswati/28_046_6may2k15_pfds/28_046_6may2k15_pfds/index50711HR_1750-53_IA_search_DM42.525_ACCEL_50_ACCEL_Cand_11.pfd,87.2408605765,65.7753512605,0.804051022057,-0.22750276213,2.09566521645,1.01108121872,0.756643296646,-0.883033924874
/home/bhaswati/28_046_6may2k15_pfds/28_046_6may2k15_pfds/index2387HR_1946-51_IA_search_DM11.490_ACCEL_50_ACCEL_Cand_7.pfd,85.2312028623,77.7122315718,0.911399209451,-0.470293594806,150.804824829,86.5996170044,0.0299425138047,-0.853991197672
/home/bhaswati/28_046_6may2k15_pfds/28_046_6may2k15_pfds/index108391HR_1808-53_IA_search_DM5.710_ACCEL_50_ACCEL_Cand_91.pfd,98.0667714073,67.789441824,0.728093326777,0.397690729536,1.21825230122,0.380465209484,0.624462879582,-0.774639527561
/home/bhaswati/28_046_6may2k15_pfds/28_046_6may2k15_pfds/index531HR_1946-51_IA_search_DM93.150_ACCEL_50_ACCEL_Cand_31.pfd,96.250192563,60.2860610698,0.658425569761,-0.266346775672,29.7310276031,33.7703056335,1.52608886975,0.939598102622
/home/bhaswati/28_046_6may2k15_pfds/28_046_6may2k15_pfds/index78842HR_1808-53_IA_search_DM14.390_ACCEL_50_ACCEL_Cand_42.pfd,84.9513549233,51.8514806797,0.677001556168,0.556356680258,1.10824620724,0.389518529177,0.671052535018,-0.634222940641
/home/bhaswati/28_046_6may2k15_pfds/28_046_6may2k15_pfds/index1272125HR_1808-53_IA_search_DM1.040_ACCEL_50_ACCEL_Cand_125.pfd,86.4408694014,119.202367472,0.706409466861,-1.5,2.62871360779,1.44048881531,1.32917976607,1.9907953092
/home/bhaswati/28_046_6may2k15_pfds/28_046_6may2k15_pfds/index911HR_1708-52_IA_search_DM152.00_ACCEL_50_ACCEL_Cand_1.pfd,79.1261900225,53.2216772986,0.99051741531,1.05451812728,4.98109149933,0.875005364418,0.258518806551,-0.742929847863
/home/bhaswati/28_046_6may2k15_pfds/28_046_6may2k15_pfds/index2388HR_1947-43_IA_search_DM208.10_ACCEL_50_ACCEL_Cand_8.pfd,96.9628183378,74.0868500075,0.764981597032,-0.746729462438,44.4664802551,17.7399177551,0.252182088523,-1.37731123987
/home/bhaswati/28_046_6may2k15_pfds/28_046_6may2k15_pfds/index5127HR_1750-53_IA_search_DM30.800_ACCEL_50_ACCEL_Cand_7.pfd,91.5237647405,62.6267975207,1.09048197822,0.188593151107,2.08574962616,1.24704325199,0.945336046054,-0.158491205751
/home/bhaswati/28_046_6may2k15_pfds/28_046_6may2k15_pfds/index1163176HR_1808-53_IA_search_DM1.980_ACCEL_50_ACCEL_Cand_176.pfd,66.2553936983,86.4364132635,1.60509424121,0.87695367017,0.829385995865,1.78813934326e-07,1.0,-2.0
/home/bhaswati/28_046_6may2k15_pfds/28_046_6may2k15_pfds/index8840HR_1947-43_IA_search_DM8.580_ACCEL_50_ACCEL_Cand_40.pfd,99.382305134,69.3652450165,0.811727874659,-0.453724467114,132.626174927,100.907226562,1.84416361343,2.5232700201
/home/bhaswati/28_046_6may2k15_pfds/28_046_6may2k15_pfds/index2294HR_1938-51_IA_search_DM9.570_ACCEL_50_ACCEL_Cand_4.pfd,92.7949288646,77.0392129435,0.848902422339,-0.442040864745,66.5967941284,28.3394908905,-0.186483255588,-1.27539934253
/home/bhaswati/28_046_6may2k15_pfds/28_046_6may2k15_pfds/index1522HR_1708-52_IA_search_DM3.660_ACCEL_50_ACCEL_Cand_2.pfd,107.026440868,73.8040052903,0.773398750507,-0.52334886934,360.818206787,167.382141113,1.11929823149,0.587713758949
/home/bhaswati/28_046_6may2k15_pfds/28_046_6may2k15_pfds/index24919HR_1456-48_IA_search_DM46.000_ACCEL_50_ACCEL_Cand_19.pfd,95.8586456656,60.8810652567,0.724166888895,-0.224127948762,2.22456860542,0.818582773209,0.119307759646,-1.27345009249
/home/bhaswati/28_046_6may2k15_pfds/28_046_6may2k15_pfds/index394145HR_1559-44_IA_search_DM1.050_ACCEL_50_ACCEL_Cand_145.pfd,104.764135316,68.4308768374,0.742075365651,-0.254150945192,3.03582310677,0.559303283691,0.555784339904,-0.333968984959
/home/bhaswati/28_046_6may2k15_pfds/28_046_6may2k15_pfds/index110574HR_1808-53_IA_search_DM5.950_ACCEL_50_ACCEL_Cand_74.pfd,103.900453533,79.2504636928,0.675101445949,-0.670977266356,0.654355406761,0.174163028598,0.828836969004,2.24131264013
/home/bhaswati/28_046_6may2k15_pfds/28_046_6may2k15_pfds/index17533HR_1947-43_IA_search_DM4.670_ACCEL_50_ACCEL_Cand_33.pfd,109.263400177,75.7381099547,0.671471512266,-0.827715282494,126.236503601,92.4191818237,0.406794115258,-1.31396983747
/home/bhaswati/28_046_6may2k15_pfds/28_046_6may2k15_pfds/index28210HR_1938-51_IA_search_DM84.350_ACCEL_50_ACCEL_Cand_10.pfd,94.1844139537,63.6156750565,0.712103763347,-0.533829392949,2.95090031624,1.50222301483,0.841749729961,-0.811792264662
/home/bhaswati/28_046_6may2k15_pfds/28_046_6may2k15_pfds/index1107HR_1559-44_IA_search_DM23.320_ACCEL_50_ACCEL_Cand_7.pfd,115.30427735,67.2482786943,0.689973546682,-0.56450096804,5.64906930923,1.83199965954,0.482555718267,-1.06971453954
/home/bhaswati/28_046_6may2k15_pfds/28_046_6may2k15_pfds/index1225140HR_1808-53_IA_search_DM1.980_ACCEL_50_ACCEL_Cand_140.pfd,90.3728373754,86.8930609203,0.813741672254,-0.52728460148,1.92801332474,1.00840234756,0.65839973019,-0.606648208586
/home/bhaswati/28_046_6may2k15_pfds/28_046_6may2k15_pfds/index34427HR_1946-51_IA_search_DM31.800_ACCEL_50_ACCEL_Cand_27.pfd,86.4438151646,56.6171130768,1.0090877736,0.338407065126,2.67703914642,1.02548182011,0.0686837727045,-1.33054857735
/home/bhaswati/28_046_6may2k15_pfds/28_046_6may2k15_pfds/index25513HR_1759-53_IA_search_DM20.800_ACCEL_50_ACCEL_Cand_13.pfd,94.8259386555,85.5853728669,0.688383131027,-1.10074208303,20.8516387939,13.9069004059,0.76598537329,-0.129134169946
/home/bhaswati/28_046_6may2k15_pfds/28_046_6may2k15_pfds/index28747HR_1955-513_IA_search_DM10.030_ACCEL_50_ACCEL_Cand_47.pfd,88.2109575117,65.0415405613,0.811333356728,-0.523419414958,48.4969482422,45.0906219482,0.979753343955,-0.4858009307
/home/bhaswati/28_046_6may2k15_pfds/28_046_6may2k15_pfds/index186114HR_1759-53_IA_search_DM3.240_ACCEL_50_ACCEL_Cand_114.pfd,106.420482731,51.9559813658,0.708608461242,0.650464854965,2.60276341438,1.18698751926,0.568807675819,-0.964521144728
/home/bhaswati/28_046_6may2k15_pfds/28_046_6may2k15_pfds/index1811HR_1808-53_IA_search_DM86.250_ACCEL_50_ACCEL_Cand_1.pfd,99.5285706832,59.3964917915,0.962405464935,0.398793301146,7.79623365402,2.79111671448,0.42518681957,0.140830312218
/home/bhaswati/28_046_6may2k15_pfds/28_046_6may2k15_pfds/index80463HR_1938-51_IA_search_DM6.230_ACCEL_50_ACCEL_Cand_63.pfd,100.886089592,68.4943935971,0.748826302444,-0.0371959021837,1.14058291912,0.57803696394,0.362057227141,-1.12942879405
/home/bhaswati/28_046_6may2k15_pfds/28_046_6may2k15_pfds/index101322HR_1808-53_IA_search_DM129.30_ACCEL_50_ACCEL_Cand_22.pfd,91.8392801602,67.4467464458,0.739659970303,-0.366004381911,2.71559453011,0.610316097736,0.0651252457239,-1.16066047783
/home/bhaswati/28_046_6may2k15_pfds/28_046_6may2k15_pfds/index686118HR_1946-51_IA_search_DM2.030_ACCEL_50_ACCEL_Cand_118.pfd,95.9336997579,80.212925749,0.953000906124,-0.0389539907776,0.911084771156,0.484555006027,0.390604813997,-0.553886690542
/home/bhaswati/28_046_6may2k15_pfds/28_046_6may2k15_pfds/index64350HR_1808-53_IA_search_DM6.050_ACCEL_50_ACCEL_Cand_50.pfd,106.179060425,52.1769840631,0.690459480274,0.272503630076,3.97504758835,0.764129519463,0.0675690967246,-0.634503199928
/home/bhaswati/28_046_6may2k15_pfds/28_046_6may2k15_pfds/index1731HR_1750-53_IA_search_DM112.80_ACCEL_50_ACCEL_Cand_1.pfd,99.3095079145,69.8636516937,0.690476255797,-0.683194945188,3.07709050179,1.34001994133,0.752198290828,-0.114632992057
/home/bhaswati/28_046_6may2k15_pfds/28_046_6may2k15_pfds/index7826HR_1808-53_IA_search_DM35.300_ACCEL_50_ACCEL_Cand_26.pfd,97.545118736,71.8707033038,0.787223781973,-0.506178190544,16.9316902161,17.9553699493,1.4903399649,1.52286222258
/home/bhaswati/28_046_6may2k15_pfds/28_046_6may2k15_pfds/index17855HR_1947-43_IA_search_DM5.150_ACCEL_50_ACCEL_Cand_55.pfd,93.5473117139,83.0098811187,0.731267851257,-0.936406714994,125.297538757,109.483146667,0.516632051601,-1.28513083264
/home/bhaswati/28_046_6may2k15_pfds/28_046_6may2k15_pfds/index2971HR_1946-51_IA_search_DM296.40_ACCEL_50_ACCEL_Cand_1.pfd,96.3185004158,62.5774464029,0.773797174995,0.0252633451913,5.36489868164,1.16296446323,0.20891828333,-0.855137285432
/home/bhaswati/28_046_6may2k15_pfds/28_046_6may2k15_pfds/index353108HR_1708-52_IA_search_DM1.370_ACCEL_50_ACCEL_Cand_108.pfd,92.8011957152,66.2184120507,0.738236490344,-0.672617427334,4.84828233719,2.94821119308,0.272428194016,-1.5496882014
/home/bhaswati/28_046_6may2k15_pfds/28_046_6may2k15_pfds/index825HR_1456-48_IA_search_DM133.00_ACCEL_50_ACCEL_Cand_5.pfd,60.927497581,46.6117026525,2.15879232713,5.61277209958,1.60848724842,0.614705741405,2.00460749038,3.63988480146
/home/bhaswati/28_046_6may2k15_pfds/28_046_6may2k15_pfds/index931HR_1808-53_IA_search_DM44.825_ACCEL_50_ACCEL_Cand_1.pfd,39.4333598256,51.5376352242,3.03189826327,8.75039621094,21.8563728333,17.5576457977,0.961180575404,0.359919818871
/home/bhaswati/28_046_6may2k15_pfds/28_046_6may2k15_pfds/index47737HR_1750-53_IA_search_DM2.850_ACCEL_50_ACCEL_Cand_37.pfd,101.236489374,75.6131601713,0.705943198014,-0.868135752508,52.934135437,31.1670894623,0.44919335731,-0.943143057949
/home/bhaswati/28_046_6may2k15_pfds/28_046_6may2k15_pfds/index48210HR_1938-51_IA_search_DM61.850_ACCEL_50_ACCEL_Cand_10.pfd,100.277264516,63.1714528625,0.810784447952,-0.061594144294,2.22071909904,0.558242499828,0.399814701384,-1.06383315241
/home/bhaswati/28_046_6may2k15_pfds/28_046_6may2k15_pfds/index41310HR_2003-51_IA_search_DM37.100_ACCEL_50_ACCEL_Cand_10.pfd,102.233469509,78.2956765659,0.669356128679,-0.989295349373,21.9679298401,19.8681221008,0.783999619583,-0.793238509409
/home/bhaswati/28_046_6may2k15_pfds/28_046_6may2k15_pfds/index83640HR_1808-53_IA_search_DM13.220_ACCEL_50_ACCEL_Cand_40.pfd,97.018840867,56.6914254143,0.675935829504,0.261496775995,1.75407314301,0.40838432312,0.720580167018,-0.225394289745
/home/bhaswati/28_046_6may2k15_pfds/28_046_6may2k15_pfds/index244101HR_1750-53_IA_search_DM1.210_ACCEL_50_ACCEL_Cand_101.pfd,87.970677249,63.3559925376,0.896547698769,0.0304363373301,4.75748920441,3.18396496773,0.236682189292,-1.58892085118
/home/bhaswati/28_046_6may2k15_pfds/28_046_6may2k15_pfds/index27540HR_1808-53_IA_search_DM447.50_ACCEL_50_ACCEL_Cand_40.pfd,91.5766825578,40.3910475603,0.867381850771,2.71438182873,1.24817371368,0.166452497244,-0.0804374416183,-0.47083554846
/home/bhaswati/28_046_6may2k15_pfds/28_046_6may2k15_pfds/index2691HR_2012-51_IA_search_DM253.00_ACCEL_50_ACCEL_Cand_1.pfd,76.2062279535,61.5649061116,1.26160772902,1.01598341197,5.76232624054,1.25500488281,0.295390387942,-0.510531527467
/home/bhaswati/28_046_6may2k15_pfds/28_046_6may2k15_pfds/index17434HR_1947-43_IA_search_DM4.760_ACCEL_50_ACCEL_Cand_34.pfd,87.7394635709,87.8107327083,0.829598608038,-0.9519206951,154.52835083,127.335578918,0.343071053091,-1.4122819253
/home/bhaswati/28_046_6may2k15_pfds/28_046_6may2k15_pfds/index471HR_1708-52_IA_search_DM105.70_ACCEL_50_ACCEL_Cand_1.pfd,47.6056885164,34.2333199488,3.95735642332,19.9921066425,1.83613359928,1.13197076321,2.17702247173,4.6246384542
/home/bhaswati/28_046_6may2k15_pfds/28_046_6may2k15_pfds/index2701HR_1456-48_IA_search_DM106.10_ACCEL_50_ACCEL_Cand_1.pfd,94.1176625977,60.6032314226,0.69996400465,-0.316197875644,9.94062900543,4.31937026978,-0.0436901795593,-1.49074582559
/home/bhaswati/28_046_6may2k15_pfds/28_046_6may2k15_pfds/index14928HR_1955-513_IA_search_DM492.00_ACCEL_50_ACCEL_Cand_28.pfd,104.554031371,49.4661539885,0.677719230422,0.63961592326,1.19980740547,0.199699863791,0.100085853503,-0.535243729789
/home/bhaswati/28_046_6may2k15_pfds/28_046_6may2k15_pfds/index3681HR_1955-513_IA_search_DM368.80_ACCEL_50_ACCEL_Cand_1.pfd,102.598761366,49.3579740888,0.988146900607,1.50749913474,11.8944797516,3.19374251366,0.180557002362,-0.131269389662
/home/bhaswati/28_046_6may2k15_pfds/28_046_6may2k15_pfds/index18827HR_1750-53_IA_search_DM484.00_ACCEL_50_ACCEL_Cand_27.pfd,92.6275927196,44.8227939931,0.710874250502,1.286217839,1.34294342995,0.210907310247,0.102214721467,-0.718737768654
/home/bhaswati/28_046_6may2k15_pfds/28_046_6may2k15_pfds/index9712HR_1750-53_IA_search_DM53.250_ACCEL_50_ACCEL_Cand_12.pfd,97.8602998249,68.2624915943,0.723295217151,-0.676955416574,6.43624067307,4.22307109833,0.281712466581,-1.66321303157
/home/bhaswati/28_046_6may2k15_pfds/28_046_6may2k15_pfds/index82193HR_1938-51_IA_search_DM2.000_ACCEL_50_ACCEL_Cand_93.pfd,94.7455257626,81.8778813175,0.966609288498,-0.223607913117,0.699749290943,0.29870223999,-0.0121660151808,-0.385229674306
/home/bhaswati/28_046_6may2k15_pfds/28_046_6may2k15_pfds/index2419HR_1759-53_IA_search_DM133.20_ACCEL_50_ACCEL_Cand_19.pfd,99.8351298862,69.2274621305,0.68173756407,-0.651256941123,15.1617422104,9.79290390015,0.24022371758,-1.74506027709
/home/bhaswati/28_046_6may2k15_pfds/28_046_6may2k15_pfds/index16734HR_1947-43_IA_search_DM5.430_ACCEL_50_ACCEL_Cand_34.pfd,95.2636335743,81.5768985345,0.772770290949,-0.859395188269,105.770858765,89.2643127441,0.813708561505,-0.871385765512
/home/bhaswati/28_046_6may2k15_pfds/28_046_6may2k15_pfds/index28623HR_1808-53_IA_search_DM458.50_ACCEL_50_ACCEL_Cand_23.pfd,93.8987678949,51.4594241758,0.728024172101,0.45155796551,1.27186369896,0.256078720093,0.308584724582,-0.36041968014
/home/bhaswati/28_046_6may2k15_pfds/28_046_6may2k15_pfds/index15228HR_2012-51_IA_search_DM38.850_ACCEL_50_ACCEL_Cand_28.pfd,74.0867643819,50.3064164919,1.36392852248,2.15581155837,3.0789399147,1.09132993221,0.114738930321,-1.24312340227
